Time,Start,Max,Min,End,Tot_trans,Mid,Difindex,Buyindex,Higeindex,PL
1517702400000,994440,994550,993496,993496,0.1737,994023,-1,0,0,0
1517702460000,992565,992565,987650,990000,0.4871,990107,-1,0,0,0
1517702520000,991174,992531,991174,991175,0.1135,991852,0,-1,0,0
1517702580000,991990,991990,991990,991990,0.0088,991990,0,0,0,0
1517702640000,990018,992000,990018,992000,0.0275,991009,1,1,1,0
1517702700000,991998,992531,991998,992531,0.5888,992264,0,1,1,0
1517702760000,992531,992531,992011,992531,0.0349,992271,0,0,0,0
1517702820000,992521,992531,992521,992531,0.04,992526,0,0,1,0
1517702880000,992531,994732,992531,994731,0.0943,993631,1,1,1,0
1517702940000,994731,994733,992513,992513,0.1765,993623,-1,0,0,0
1517703000000,994643,994643,992135,992135,0.2441,993389,-1,-2,0,0
1517703060000,992002,994552,992001,994552,0.0878,993276,1,0,1,0
1517703120000,991384,991386,991384,991384,0.1579,991385,0,1,0,0
1517703180000,994047,994552,993915,994552,0.1,994233,0,0,1,0
1517703240000,994552,994552,992012,994552,0.4942,993282,0,0,0,0
1517703300000,994552,995010,994534,994998,1.4673,994772,0,0,1,0
1517703360000,994984,994999,994984,994998,0.0597,994991,0,0,1,0
1517703420000,994998,996448,992770,994324,0.3527,994609,-1,-1,0,0
1517703480000,994328,994328,992550,992550,0.1366,993439,-1,-2,0,0
1517703540000,992550,992550,992550,992550,0.0,992550,0,-1,0,0
1517703600000,992562,992562,992550,992550,0.0006,992556,-1,-1,0,0
1517703660000,992550,994762,992393,994762,0.1031,993577,1,0,1,0
1517703720000,992762,992762,991595,991595,0.1386,992178,-1,0,0,0
1517703780000,990000,990000,989132,989132,0.3071,989566,-1,-2,0,0
1517703840000,988375,988375,988375,988375,0.0072,988375,0,-1,0,0
1517703900000,987652,987652,987500,987500,0.1948,987576,-1,-1,0,0
1517703960000,987674,987674,987674,987674,0.0072,987674,0,-1,0,0
1517704020000,987858,990439,987857,990438,0.1316,989148,1,1,1,0
1517704080000,990000,990025,987927,987927,0.115,988976,-1,0,0,0
1517704140000,987917,990031,987765,990005,0.3227,988898,1,0,1,0
1517704200000,990001,990853,990000,990000,0.7389,990426,-1,0,0,0
1517704260000,990000,990061,988729,990061,0.075,989395,0,-1,1,0
1517704320000,987770,989881,987765,987795,0.3186,988823,0,0,0,0
1517704380000,989849,989869,987777,989869,0.4996,988823,0,0,1,0
1517704440000,989820,989881,987866,989881,0.6902,988873,0,0,1,0
1517704500000,989802,991686,988827,988844,0.1971,990256,-1,-1,0,0
1517704560000,989050,989050,989050,989050,0.01,989050,0,-1,0,0
1517704620000,989218,989218,987797,987797,0.3085,988507,-1,-1,0,0
1517704680000,988986,988986,988986,988986,0.005,988986,0,-1,0,0
1517704740000,988976,990841,988031,990841,0.3965,989436,1,1,1,0
1517704800000,990841,990841,988039,988049,0.188,989440,-1,0,0,0
1517704860000,989944,990385,989944,990385,0.0404,990164,0,-1,1,0
1517704920000,990257,990259,990257,990259,0.2446,990258,0,0,1,0
1517704980000,990255,990256,987777,987777,0.4952,989016,-1,-1,0,0
1517705040000,987777,987777,986814,986816,0.4794,987295,-1,-2,0,0
1517705100000,987726,987726,987690,987690,0.0009,987708,-1,-2,0,0
1517705160000,985325,987630,984183,984183,0.4257,985906,-1,-2,0,0
1517705220000,984179,984179,982717,982717,0.1269,983448,-1,-2,0,0
1517705280000,982716,982718,980811,980819,0.3629,981764,-1,-2,0,0
1517705340000,982637,984658,980815,984658,0.5788,982736,1,0,1,0
1517705400000,984638,984638,983357,983411,0.286,983997,-1,0,0,0
1517705460000,983399,983954,983399,983954,0.1365,983676,0,-1,1,0
1517705520000,985786,985798,984060,984065,0.1964,984929,-1,-1,0,0
1517705580000,985748,985811,983954,983954,0.5991,984882,-1,-2,0,0
1517705640000,983955,983979,981411,981411,1.5846,982695,-1,-2,0,0
1517705700000,981411,983352,981309,981550,0.2386,982330,0,-1,0,0
1517705760000,981550,981551,981359,981449,0.1383,981455,-1,-1,0,0
1517705820000,981465,985632,981465,981946,0.3733,983548,0,-1,0,0
1517705880000,982107,982107,982049,982078,0.2062,982078,-1,-1,0,0
1517705940000,982078,982078,981849,981949,0.5558,981963,-1,-2,0,0
1517706000000,981951,981962,979980,979980,0.5642,980971,-1,-2,0,0
1517706060000,979090,979090,978754,979011,0.2253,978922,-1,-2,0,0
1517706120000,978984,978984,976000,976510,0.6966,977492,-1,-2,0,0
1517706180000,976142,978691,976000,978668,1.1416,977345,1,0,1,0
1517706240000,978671,980293,978670,980290,0.1617,979481,1,2,1,0
1517706300000,980320,982751,980319,982751,0.0966,981535,1,2,1,0
1517706360000,982250,982877,982211,982849,0.119,982544,0,1,1,1930
1517706420000,982842,985812,982842,985812,0.1315,984327,1,1,1,1930
1517706480000,985810,985810,985636,985636,0.0239,985723,-1,0,0,1930
1517706540000,982833,982833,982820,982820,0.1031,982826,-1,-2,0,1930
1517706600000,982853,982862,982840,982850,0.3145,982851,-1,-2,0,1930
1517706660000,985163,989999,982955,983323,0.7712,986477,-1,-2,0,1930
1517706720000,983335,989288,983335,989288,0.036,986311,1,0,1,1930
1517706780000,983756,989272,983756,989272,0.0257,986514,1,2,1,1930
1517706840000,984365,984365,984365,984365,0.0124,984365,0,1,0,1930
1517706900000,984706,985011,984701,984870,0.2657,984856,0,0,0,2271
1517706960000,984745,984745,982373,982383,0.2847,983559,-1,-1,0,2271
1517707020000,982020,984811,980687,983142,0.2089,982749,1,0,0,2271
1517707080000,983141,983141,983141,983141,0.003,983141,0,1,0,2271
1517707140000,980839,980839,980823,980823,0.1491,980831,-1,-1,0,2271
1517707200000,980823,980823,980072,980072,0.2759,980447,-1,-2,0,2271
1517707260000,980108,981499,980103,981499,0.0456,980801,1,0,1,2271
1517707320000,981500,982292,981500,982292,0.0712,981896,0,1,1,2271
1517707380000,982292,982292,982292,982292,0.0,982292,0,0,0,2271
1517707440000,982292,982292,982292,982292,0.0,982292,0,0,0,2271
1517707500000,981926,981926,981926,981926,0.002,981926,0,0,0,2271
1517707560000,981926,981926,981926,981926,0.0,981926,0,0,0,2271
1517707620000,983795,983795,980029,981358,0.2306,981912,-1,-1,0,2271
1517707680000,981343,981343,980750,980750,0.1202,981046,-1,-2,0,2271
1517707740000,980737,980738,980084,980084,0.0847,980411,-1,-2,0,2271
1517707800000,980052,980062,978293,978293,0.0343,979177,-1,-2,0,2271
1517707860000,978294,978294,977616,978282,0.3848,977955,-1,-2,0,2271
1517707920000,978266,978294,978255,978294,0.3315,978274,0,-1,1,2271
1517707980000,978294,978294,977000,978000,0.6196,977647,-1,-1,0,2271
1517708040000,977020,977020,975724,975724,0.8822,976372,-1,-2,0,2271
1517708100000,975724,975729,975724,975724,0.765,975726,0,-1,0,2271
1517708160000,975728,975728,975724,975726,0.5883,975726,-1,-1,0,2271
1517708220000,975725,975725,975000,975424,0.7242,975362,-1,-2,0,2271
1517708280000,975038,975430,975000,975301,1.0483,975215,0,-1,0,2271
1517708340000,975301,975582,970000,975425,2.7259,972791,0,0,0,2271
1517708400000,975405,975409,971069,974405,0.7869,973239,-1,-1,0,2271
1517708460000,973958,973978,973957,973957,0.028,973967,-1,-2,0,2271
1517708520000,973500,974000,973499,974000,0.2119,973749,0,-1,1,2271
1517708580000,974000,975020,974000,975020,0.2213,974510,1,1,1,2271
1517708640000,974077,974088,970047,973446,0.6845,972067,-1,0,0,2271
1517708700000,970134,973408,970000,973192,1.9615,971704,1,0,1,2271
1517708760000,973164,973193,969990,973193,1.1466,971591,0,1,1,2271
1517708820000,970099,979725,966679,967000,1.0888,973202,-1,-1,0,2271
1517708880000,967012,968257,963533,963533,1.9394,965895,-1,-2,0,2271
1517708940000,964997,964997,960046,964979,0.8104,962521,-1,-2,0,2271
1517709000000,961750,964978,959999,961993,2.3354,962488,0,-1,0,2271
1517709060000,961972,961972,960000,960000,1.3327,960986,-1,-1,0,2271
1517709120000,959612,959991,958800,958804,0.3376,959395,-1,-2,0,2271
1517709180000,958804,958805,958796,958796,0.5902,958800,-1,-2,0,2271
1517709240000,958776,959994,956800,958775,1.8807,958397,-1,-2,0,2271
1517709300000,958775,958775,956801,958765,0.8804,957788,-1,-2,0,2271
1517709360000,957005,958748,956406,958725,0.3024,957577,1,0,1,2271
1517709420000,958725,958729,956865,958708,0.1438,957797,-1,0,0,2271
1517709480000,958729,958749,956771,956771,0.0575,957760,-1,-2,0,2271
1517709540000,956751,956757,955113,955149,1.2213,955935,-1,-2,0,2271
1517709600000,958591,958591,955127,958537,0.8578,956859,-1,-2,0,2271
1517709660000,955222,958568,955155,955196,0.9014,956861,-1,-2,0,2271
1517709720000,958545,958563,955361,958563,0.1942,956962,0,-1,1,2271
1517709780000,958563,958563,958016,958028,0.0786,958289,-1,-1,0,2271
1517709840000,958031,958360,958000,958360,0.0859,958180,0,-1,1,2271
1517709900000,958350,958359,956038,958263,0.2074,957198,-1,-1,0,2271
1517709960000,958258,958562,958258,958562,1.2481,958410,0,-1,1,2271
1517710020000,958266,958562,958258,958562,0.0791,958410,0,0,1,2271
1517710080000,958562,958562,956195,958549,0.67,957378,-1,-1,0,2271
1517710140000,958549,958550,955718,957976,0.1836,957134,-1,-2,0,2271
1517710200000,957931,957931,957908,957908,0.05,957919,-1,-2,0,2271
1517710260000,957845,958000,957845,958000,0.1284,957922,0,-1,1,2271
1517710320000,958000,958563,958000,958563,0.9673,958281,0,0,1,2271
1517710380000,958563,958568,958562,958568,0.3102,958565,0,0,1,2271
1517710440000,960958,960958,960958,960958,0.02,960958,0,0,0,2271
1517710500000,960952,964203,960952,964203,0.6665,962577,1,1,1,2271
1517710560000,964218,966869,964208,964350,1.1677,965538,0,1,0,2271
1517710620000,966799,967011,966799,967002,0.0407,966905,0,0,1,2271
1517710680000,968532,970088,967002,970007,0.6866,968545,1,1,1,2271
1517710740000,970027,972654,969419,971001,1.5559,971036,0,1,0,2271
1517710800000,971018,971028,971018,971028,0.0133,971023,0,0,1,2271
1517710860000,968986,968991,968985,968990,0.026,968988,0,0,0,2271
1517710920000,970973,974632,970962,971407,0.3007,972797,0,0,0,2271
1517710980000,970061,970061,964530,970020,1.1913,967295,-1,-1,0,2271
1517711040000,970030,970030,963500,967001,0.4254,966765,-1,-2,0,2271
1517711100000,967130,968694,965153,968668,0.2845,966923,1,0,1,2271
1517711160000,968667,968676,968629,968629,0.0421,968652,-1,0,0,2271
1517711220000,968579,968579,965587,965587,0.1116,967083,-1,-2,0,2271
1517711280000,965595,968629,965538,968629,0.4599,967083,1,0,1,2271
1517711340000,965572,965605,963096,963096,0.2635,964350,-1,0,0,2271
1517711400000,963101,963101,962981,962981,0.0816,963041,-1,-2,0,2271
1517711460000,962953,964979,962942,964979,0.1809,963960,1,0,1,2271
1517711520000,964820,964820,964644,964704,0.3198,964732,-1,0,0,2271
1517711580000,963032,964623,962977,963057,0.1784,963800,0,-1,0,2271
1517711640000,963120,966426,963090,963307,0.366,964758,0,0,0,2271
1517711700000,963307,963309,963057,963057,1.1424,963183,-1,-1,0,2271
1517711760000,963057,963306,962977,962977,0.8165,963141,-1,-2,0,2271
1517711820000,962978,965458,962977,965458,0.0225,964217,1,0,1,2271
1517711880000,963162,967283,963162,967283,0.2011,965222,1,2,1,2271
1517711940000,965426,965432,963162,965417,0.5151,964297,-1,0,0,2271
1517712000000,965418,970357,965418,965555,0.9265,967887,0,-1,0,2271
1517712060000,969685,969685,965793,968975,0.0216,967739,-1,-1,0,6530
1517712120000,968587,969674,968564,969674,0.611,969119,1,0,1,6530
1517712180000,971427,974052,971427,971487,0.3049,972739,0,1,0,6530
1517712240000,971555,971555,969694,969694,0.0661,970624,-1,-1,0,6530
1517712300000,970966,974002,970000,972566,0.2115,972001,1,0,0,6530
1517712360000,970021,972565,970005,970135,0.0967,971285,0,1,0,6530
1517712420000,970104,971697,968168,968636,1.3802,969932,-1,-1,0,6530
1517712480000,968672,969943,968668,969943,0.057,969305,1,0,1,6530
1517712540000,969933,969941,968001,969941,0.1747,968971,0,1,1,6530
1517712600000,968071,968071,967608,967608,0.697,967839,-1,-1,0,6530
1517712660000,969898,971799,963000,971784,1.6039,967399,1,0,1,6530
1517712720000,971783,971784,966375,966376,0.8256,969079,-1,0,0,6530
1517712780000,966375,969406,966326,967370,0.169,967866,0,-1,0,6530
1517712840000,967011,967366,963519,963519,0.3271,965442,-1,-1,0,6530
1517712900000,966972,966972,966000,966000,0.3406,966486,-1,-2,0,6530
1517712960000,966000,966000,966000,966000,0.0,966000,0,-1,0,6530
1517713020000,964668,966666,964630,966641,0.4578,965648,1,1,1,6530
1517713080000,966639,972833,964712,964853,1.0825,968772,-1,0,0,6530
1517713140000,971472,971472,964899,965255,0.0432,968185,-1,-2,0,6530
1517713200000,965393,971471,965393,971471,0.0288,968432,1,0,1,6530
1517713260000,971471,971472,965866,971472,0.6359,968669,0,1,1,6530
1517713320000,971173,971173,971173,971173,0.0072,971173,0,0,0,6530
1517713380000,971173,971472,966353,971472,0.7914,968912,0,0,1,6530
1517713440000,971393,971472,966348,966348,1.1879,968910,-1,-1,0,6530
1517713500000,966598,974051,966598,970047,0.7508,970324,1,0,0,6530
1517713560000,970107,973320,970107,970176,0.0826,971713,0,1,0,6530
1517713620000,973320,974000,970204,971000,0.3253,972102,-1,-1,0,6530
1517713680000,970117,970118,970074,970113,0.1915,970096,-1,-2,0,6530
1517713740000,970162,973810,970000,973794,0.6929,971905,1,0,1,6530
1517713800000,973793,973793,973463,973463,0.0143,973628,-1,0,0,6530
1517713860000,970835,973309,970057,973309,1.2349,971683,1,0,1,6530
1517713920000,973253,973309,970822,970822,1.3229,972065,-1,0,0,6530
1517713980000,970823,973307,967031,972989,1.4951,970169,1,0,1,6530
1517714040000,972989,973000,967448,967450,0.3389,970224,-1,0,0,6530
1517714100000,972886,972887,967762,967780,0.0245,970324,-1,-2,0,6530
1517714160000,967780,967780,967780,967780,0.0,967780,0,-1,0,6530
1517714220000,971955,972000,968173,968173,0.285,970086,-1,-1,0,6530
1517714280000,968221,968450,968189,968445,0.2292,968319,0,-1,1,6530
1517714340000,968446,968450,967774,968120,0.4486,968112,-1,-1,0,6530
1517714400000,968135,971589,968120,971399,0.2168,969854,1,0,1,6530
1517714460000,971316,971317,969000,969000,0.2023,970158,-1,0,0,6530
1517714520000,971258,971570,971199,971225,0.3754,971384,-1,-2,0,6530
1517714580000,972000,972000,971995,972000,1.0817,971997,0,-1,0,6530
1517714640000,972000,973382,971999,973382,0.5836,972690,1,1,1,6530
1517714700000,973382,973382,973382,973382,0.4272,973382,0,1,0,6530
1517714760000,973380,974000,973380,973990,0.6725,973690,0,0,1,6530
1517714820000,974000,975000,974000,975000,0.9991,974500,0,0,1,6530
1517714880000,975000,976000,975000,976000,0.8842,975500,0,0,1,6530
1517714940000,976000,979668,976000,979026,1.5318,977834,1,1,0,6530
1517715000000,979600,979600,978236,978246,0.1542,978918,-1,0,0,6530
1517715060000,978235,978509,978235,978410,0.2052,978372,0,-1,0,6530
1517715120000,979614,979998,978516,979998,0.3067,979257,0,0,1,6530
1517715180000,980000,983899,979959,980024,0.7489,981929,0,0,0,6530
1517715240000,980028,980028,978207,978207,1.0807,979117,-1,-1,0,6530
1517715300000,980024,980024,979548,979554,0.2204,979786,-1,-2,0,6530
1517715360000,979548,979548,978207,979046,0.3159,978877,-1,-2,0,6530
1517715420000,979050,979050,978555,978555,0.369,978802,-1,-2,0,6530
1517715480000,978555,978555,976088,976088,0.2002,977321,-1,-2,0,6530
1517715540000,976088,976388,976088,976350,0.2791,976238,0,-1,1,6530
1517715600000,976350,979578,976350,978037,0.128,977964,1,1,0,6530
1517715660000,979541,979545,976557,978871,0.2794,978051,-1,0,0,6530
1517715720000,979230,981000,979230,981000,0.3272,980115,1,0,1,6530
1517715780000,981000,982147,981000,982147,1.3553,981573,1,2,1,6530
1517715840000,982181,982464,982181,982464,0.3506,982322,0,1,1,6530
1517715900000,982402,982497,982200,982317,0.2274,982348,-1,-1,0,6751
1517715960000,982306,982441,982205,982427,0.0187,982323,0,-1,1,6751
1517716020000,982419,982518,982419,982518,0.0169,982468,0,0,1,6751
1517716080000,982507,982552,982507,982551,0.086,982529,0,0,1,6751
1517716140000,982554,982555,982552,982554,0.5237,982553,0,0,0,6751
1517716200000,982552,982555,982552,982554,0.2344,982553,0,0,0,6751
1517716260000,982553,982555,982551,982551,0.7261,982553,-1,-1,0,6751
1517716320000,982551,982551,982200,982200,0.2339,982375,-1,-2,0,6751
1517716380000,982200,982200,980000,980618,0.2184,981100,-1,-2,0,6751
1517716440000,980614,981998,980603,980637,0.0864,981300,0,-1,0,6751
1517716500000,981421,982099,980603,981224,0.1169,981351,-1,-1,0,6751
1517716560000,980603,981209,980125,981198,0.0845,980667,0,-1,1,6751
1517716620000,980661,980800,980125,980186,0.122,980462,-1,-1,0,6751
1517716680000,980543,981355,980221,980892,0.018,980788,0,-1,0,6751
1517716740000,980913,981594,980913,981286,0.0164,981253,0,0,0,6751
1517716800000,981560,982555,981025,982555,1.2171,981790,0,0,1,6751
1517716860000,982500,982500,979224,979626,1.304,980862,-1,-1,0,6751
1517716920000,980872,980900,978243,978419,0.5139,979571,-1,-2,0,6751
1517716980000,978568,982500,978568,980602,0.1743,980534,1,0,0,6751
1517717040000,980612,982500,980612,982500,0.1009,981556,1,2,1,6751
1517717100000,981479,982500,980663,981587,0.0513,981581,0,1,0,6751
1517717160000,981604,982052,980710,981605,0.1799,981381,0,0,0,6751
1517717220000,981605,982050,981605,982047,0.0236,981827,0,0,1,6751
1517717280000,981605,981652,980800,980800,0.017,981226,-1,-1,0,6751
1517717340000,981049,981049,980800,980803,0.1114,980924,-1,-2,0,6751
1517717400000,981601,981601,980800,980800,0.1273,981200,-1,-2,0,6751
1517717460000,980421,980421,979373,979373,0.0235,979897,-1,-2,0,6751
1517717520000,979353,980748,978341,978341,0.0971,979544,-1,-2,0,6751
1517717580000,978339,978339,974415,976367,0.3126,976377,-1,-2,0,6751
1517717640000,978276,978276,973394,973394,0.1689,975835,-1,-2,0,6751
1517717700000,975216,977609,974185,977609,0.3154,975897,1,0,1,6751
1517717760000,977805,978325,977692,978285,0.0686,978008,0,1,1,6751
1517717820000,978321,978325,978189,978219,0.1216,978257,-1,-1,0,6751
1517717880000,978190,978190,977609,977864,0.1022,977899,-1,-2,0,6751
1517717940000,977728,977728,973744,976704,0.3937,975736,-1,-2,0,6751
1517718000000,976669,977110,975743,976601,0.1242,976426,-1,-2,0,6751
1517718060000,976586,977565,976368,976368,0.049,976966,-1,-2,0,6751
1517718120000,975771,976000,975739,975739,1.7462,975869,-1,-2,0,6751
1517718180000,975862,975862,972559,972999,0.8548,974210,-1,-2,0,6751
1517718240000,972569,973000,972569,973000,0.6635,972784,0,-1,1,6751
1517718300000,973674,976691,973674,976691,0.2268,975182,1,1,1,6751
1517718360000,976683,976683,975000,975810,0.1132,975841,-1,0,0,6751
1517718420000,975548,975548,974526,974995,0.1516,975037,-1,-2,0,6751
1517718480000,974509,974528,974494,974494,0.5789,974511,-1,-2,0,6751
1517718540000,974494,974494,974000,974000,0.1341,974247,-1,-2,0,6751
1517718600000,974142,974142,973016,973493,0.204,973579,-1,-2,0,6751
1517718660000,973743,974500,973734,974500,0.1421,974117,0,-1,1,6751
1517718720000,974500,976035,974250,975270,0.542,975142,0,0,0,6751
1517718780000,974528,975989,974510,975956,0.2537,975249,1,1,1,6751
1517718840000,975233,975942,974951,975293,0.0817,975446,0,1,0,6751
1517718900000,975613,975928,975613,975657,0.01,975770,0,0,0,6751
1517718960000,975666,975739,975554,975739,0.0032,975646,0,0,1,6751
1517719020000,975744,976000,975744,976000,0.0586,975872,0,0,1,6751
1517719080000,976000,976000,975951,976000,0.1556,975975,0,0,0,6751
1517719140000,975995,979218,975995,979218,0.1124,977606,1,1,1,6751
1517719200000,978020,980000,977501,978491,1.4772,978750,0,1,0,6751
1517719260000,978982,978994,978061,978522,0.0628,978527,-1,-1,0,6751
1517719320000,977869,977869,977851,977866,0.0022,977860,-1,-2,0,6751
1517719380000,977845,977845,977829,977835,0.0026,977837,-1,-2,0,6751
1517719440000,976905,978798,976351,977575,0.2685,977574,0,-1,0,6751
1517719500000,977570,978811,977570,977604,0.2032,978190,0,0,0,6751
1517719560000,977620,977838,976595,976595,0.1715,977216,-1,-1,0,6751
1517719620000,976594,977071,975542,975542,0.3817,976306,-1,-2,0,6751
1517719680000,975451,975508,975000,975111,0.7042,975254,-1,-2,0,6751
1517719740000,975111,977061,975111,977060,0.0534,976086,1,0,1,6751
1517719800000,976344,977061,976344,976895,0.0647,976702,0,1,0,6751
1517719860000,976913,978763,976913,977858,0.1078,977838,0,0,0,6751
1517719920000,977871,978999,977871,978723,0.1097,978435,0,0,0,6751
1517719980000,978863,978863,978755,978755,0.0134,978809,-1,-1,0,6751
1517720040000,978734,978915,978734,978915,0.1872,978824,0,-1,1,6751
1517720100000,978921,978921,976677,977279,0.3553,977799,-1,-1,0,6751
1517720160000,976678,977880,975494,975494,0.246,976687,-1,-2,0,6751
1517720220000,975272,975505,975112,975344,0.0499,975308,0,-1,0,6751
1517720280000,975360,975462,974501,975018,0.042,974981,-1,-1,0,6751
1517720340000,975018,975026,975017,975026,0.0019,975021,0,-1,1,6751
1517720400000,975013,975013,974739,974751,0.0216,974876,-1,-1,0,6751
1517720460000,974757,975419,974757,975419,0.0264,975088,0,-1,1,6751
1517720520000,975437,976499,975437,976499,0.0222,975968,1,1,1,6751
1517720580000,976500,976701,974974,975723,0.3605,975837,-1,0,0,6751
1517720640000,975698,975698,974501,974501,0.0218,975099,-1,-2,0,6751
1517720700000,974501,977100,974501,977100,0.2608,975800,1,0,1,6751
1517720760000,977100,978690,977034,977906,0.4584,977862,0,1,0,6751
1517720820000,977914,977920,977907,977907,0.0027,977913,-1,-1,0,6751
1517720880000,977801,978270,977801,978249,0.1638,978035,0,-1,1,6751
1517720940000,978211,978600,978189,978492,0.4474,978394,0,0,0,6751
1517721000000,978479,978479,976904,976904,0.5234,977691,-1,-1,0,6751
1517721060000,976904,977168,976235,977128,0.0724,976701,0,-1,1,6751
1517721120000,977988,978199,976904,977553,0.1696,977551,-1,-1,0,6751
1517721180000,977569,980800,977569,978149,1.7452,979184,0,-1,0,6751
1517721240000,978264,978264,976495,978262,0.0816,977379,-1,-1,0,6751
1517721300000,977250,980799,977250,980000,0.3698,979024,1,0,0,6751
1517721360000,980010,980020,980000,980020,0.5163,980010,0,1,1,6751
1517721420000,980019,982500,980019,981424,0.4308,981259,1,1,0,6751
1517721480000,981744,982500,981281,981281,0.1317,981890,-1,0,0,6751
1517721540000,981488,981800,980000,980369,0.8718,980900,-1,-2,0,6751
1517721600000,980172,982000,980000,980033,0.1216,981000,-1,-2,0,6751
1517721660000,980523,980523,975062,980000,0.5488,977792,-1,-2,0,6751
1517721720000,980000,989800,976837,981521,0.1426,983318,1,0,0,6751
1517721780000,981526,983000,980500,981700,2.6103,981750,0,1,0,6751
1517721840000,980500,980500,979241,979820,0.1115,979870,-1,-1,0,6751
1517721900000,979715,980500,977617,978899,1.1714,979058,-1,-2,0,6751
1517721960000,978888,979000,978240,978332,0.2757,978620,-1,-2,0,6751
1517722020000,978990,980271,978365,979363,0.1249,979318,0,-1,0,6751
1517722080000,978486,981378,978486,980800,0.1829,979932,1,1,0,6751
1517722140000,979421,981400,979421,981389,0.1263,980410,1,2,1,6751
1517722200000,979450,981199,979412,980991,1.1276,980305,1,2,1,6751
1517722260000,981179,981700,975001,976236,2.4552,978350,-1,0,0,6751
1517722320000,977999,980800,977649,980400,1.0063,979224,1,0,1,3571
1517722380000,980400,980799,978026,979691,3.8623,979412,-1,0,0,3571
1517722440000,979447,979837,978019,978019,0.1756,978928,-1,-2,0,3571
1517722500000,978458,978458,976456,977353,0.0643,977457,-1,-2,0,3571
1517722560000,978015,978095,975590,975594,0.805,976842,-1,-2,0,3571
1517722620000,975594,978788,975041,977167,1.3063,976914,1,0,0,3571
1517722680000,978306,978306,977146,977713,0.0226,977726,-1,0,0,3571
1517722740000,977724,979191,975147,976587,0.3793,977169,-1,-2,0,3571
1517722800000,977611,977611,975586,976580,0.2363,976598,-1,-2,0,3571
1517722860000,976573,977874,975791,977874,0.0242,976832,1,0,1,3571
1517722920000,977993,978530,977992,978417,0.124,978261,0,1,0,3571
1517722980000,978425,979198,978425,978851,0.0058,978811,0,0,0,3571
1517723040000,978874,978874,977788,977788,0.0923,978331,-1,-1,0,3571
1517723100000,978040,979198,977792,978040,0.3958,978495,0,-1,0,3571
1517723160000,978039,979200,978039,979200,0.3219,978619,1,1,1,3571
1517723220000,978621,978651,978048,978645,0.0469,978349,0,1,0,3571
1517723280000,978051,979199,978041,979199,0.0717,978620,1,1,1,3571
1517723340000,978909,979200,978909,978957,0.0121,979054,0,1,0,3571
1517723400000,978970,978999,978754,978999,0.0031,978876,0,0,1,3571
1517723460000,979015,979200,979015,979113,0.0343,979107,0,0,0,3571
1517723520000,979195,979320,979152,979320,0.1899,979236,0,0,1,3571
1517723580000,979399,980570,979399,980570,0.0218,979984,1,1,1,3571
1517723640000,980963,981945,980963,981945,0.5096,981454,0,1,1,3571
1517723700000,981221,982000,980296,981484,0.232,981148,0,0,0,3571
1517723760000,981969,982000,980983,980984,0.8169,981491,-1,-1,0,3571
1517723820000,980988,980988,980296,980966,0.2865,980642,-1,-2,0,3571
1517723880000,980966,982334,980966,982017,0.4088,981650,1,0,0,3571
1517723940000,982018,984153,982017,984143,0.1557,983085,1,2,1,3571
1517724000000,984143,984943,984143,984759,0.1893,984543,0,1,0,3571
1517724060000,984862,987236,984862,987236,1.3347,986049,1,1,1,3571
1517724120000,987000,987000,986588,987000,1.4153,986794,0,1,0,3571
1517724180000,987000,987000,986785,986805,1.3894,986892,-1,-1,0,3571
1517724240000,986805,986805,986795,986805,0.7712,986800,0,-1,0,3571
1517724300000,986805,989000,986805,989000,1.497,987902,1,1,1,3571
1517724360000,989104,989193,988800,989162,0.435,988996,0,1,0,3571
1517724420000,988978,989141,986731,989085,0.5156,987936,0,0,0,3571
1517724480000,988043,990000,987002,989243,0.5838,988501,1,1,0,3571
1517724540000,989345,989345,989203,989203,0.0075,989274,-1,0,0,3571
1517724600000,989207,999876,989104,989639,2.1579,994490,0,-1,0,3571
1517724660000,994020,998249,989668,992316,0.9394,993958,-1,-1,0,3571
1517724720000,994109,994118,990214,990580,0.6638,992166,-1,-2,0,3571
1517724780000,991489,998600,990614,990911,1.8274,994607,-1,-2,0,3571
1517724840000,990898,990913,990596,990838,0.1699,990754,-1,-2,0,3571
1517724900000,990596,990820,990214,990704,0.2644,990517,0,-1,0,3571
1517724960000,991647,993096,990722,993010,0.0639,991909,1,1,1,3571
1517725020000,993013,994999,993013,993610,1.1747,994006,0,1,0,3571
1517725080000,993611,993950,993060,993601,1.2711,993505,-1,-1,0,3571
1517725140000,993600,994000,993595,994000,0.8603,993797,0,-1,1,3571
1517725200000,994000,994000,991667,993000,2.5478,992833,-1,-1,0,3571
1517725260000,991826,991985,991734,991734,0.3003,991859,-1,-2,0,3571
1517725320000,991750,991998,990001,990001,0.9617,990999,-1,-2,0,3571
1517725380000,991839,991963,990001,990706,0.6996,990982,-1,-2,0,3571
1517725440000,990707,992000,990237,992000,0.6158,991118,1,0,1,3571
1517725500000,992343,992777,992321,992321,0.0024,992549,-1,0,0,3571
1517725560000,992999,993997,991669,993689,0.3187,992833,0,-1,0,3571
1517725620000,993673,994989,991858,994966,0.5974,993423,1,1,1,3571
1517725680000,992055,993336,992055,993336,0.0249,992695,1,2,1,3571
1517725740000,994490,995000,992211,993586,1.2997,993605,-1,0,0,3571
1517725800000,993603,995000,992457,992468,0.0917,993728,-1,-2,0,2684
1517725860000,992468,994728,990001,990952,1.4133,992364,-1,-2,0,2684
1517725920000,990815,990815,990121,990460,0.639,990468,-1,-2,0,2684
1517725980000,990788,990788,990122,990141,0.3357,990455,-1,-2,0,2684
1517726040000,990456,990456,990157,990214,0.0883,990306,-1,-2,0,2684
1517726100000,990138,990497,990138,990497,0.1957,990317,0,-1,1,2684
1517726160000,990215,991999,990211,991998,0.0759,991105,1,1,1,2684
1517726220000,991423,991972,990000,991361,0.8071,990986,-1,0,0,2684
1517726280000,991071,991071,990000,990000,0.5675,990535,-1,-2,0,2684
1517726340000,990472,990482,990000,990477,0.4029,990241,0,-1,0,2684
1517726400000,990476,990482,990000,990229,0.6072,990241,-1,-1,0,2684
1517726460000,990223,990480,990223,990480,0.0183,990351,0,-1,1,2684
1517726520000,990480,991264,990480,991264,0.3708,990872,0,0,1,2684
1517726580000,990897,992000,990897,992000,0.1168,991448,1,1,1,2684
1517726640000,991663,993351,991663,992000,0.6075,992507,0,1,0,2684
1517726700000,992408,993842,992180,992180,0.1031,993011,-1,-1,0,2684
1517726760000,992020,992020,990503,990504,0.1566,991261,-1,-2,0,2684
1517726820000,990504,991723,990503,991500,0.2021,991113,0,-1,0,2684
1517726880000,991490,991490,990503,990506,0.1994,990996,-1,-1,0,2684
1517726940000,990506,991148,990260,991148,0.4933,990704,0,-1,1,2684
1517727000000,991700,993005,990021,992855,0.527,991513,1,1,1,2684
1517727060000,991501,994005,991501,992854,0.3871,992753,1,2,0,2684
1517727120000,992851,994169,991763,991800,0.582,992966,-1,0,0,2684
1517727180000,991800,993314,991800,991821,0.052,992557,0,-1,0,2684
1517727240000,993324,993742,992006,992006,0.0157,992874,-1,-1,0,2684
1517727300000,992759,993731,992759,993731,0.0374,993245,0,-1,1,2684
1517727360000,993743,994370,993740,993740,0.0287,994055,-1,-1,0,2684
1517727420000,993740,994332,993699,993699,0.29,994015,-1,-2,0,2684
1517727480000,994010,994177,993699,993699,0.8116,993938,-1,-2,0,2684
1517727540000,993700,994187,993699,994187,0.9374,993943,0,-1,1,2684
1517727600000,993720,994185,992208,993201,0.6894,993196,-1,-1,0,2684
1517727660000,992230,993342,991817,991976,0.0752,992579,-1,-2,0,2684
1517727720000,992248,994043,992026,994043,0.239,993034,1,0,1,2684
1517727780000,994021,994999,991937,993536,0.2401,993468,-1,0,0,2684
1517727840000,993507,994998,993507,994993,0.2669,994252,1,0,1,2684
1517727900000,994993,994993,993624,994287,0.0973,994308,-1,0,0,2684
1517727960000,994325,996381,994325,996381,0.5979,995353,1,0,1,2684
1517728020000,996739,996999,996008,996009,0.335,996503,-1,0,0,2684
1517728080000,996009,997000,996009,996955,0.0935,996504,0,-1,1,2684
1517728140000,997100,997100,996105,996424,0.2947,996602,-1,-1,0,2684
1517728200000,996437,998662,993993,995402,0.9054,996327,-1,-2,0,2684
1517728260000,994910,997095,994910,996147,0.2734,996002,1,0,0,2684
1517728320000,996147,996621,995403,996002,0.1122,996012,-1,0,0,2684
1517728380000,996010,996010,995403,995403,0.174,995706,-1,-2,0,2684
1517728440000,994955,994955,994000,994000,0.031,994477,-1,-2,0,2684
1517728500000,994895,999300,993268,993268,0.6597,996284,-1,-2,0,2684
1517728560000,993984,995000,992553,993244,1.7594,993776,-1,-2,0,2684
1517728620000,993254,993427,991696,991696,0.2808,992561,-1,-2,0,2684
1517728680000,991000,991199,990105,990105,0.5554,990652,-1,-2,0,2684
1517728740000,990105,991298,990105,991298,0.2975,990701,1,0,1,2684
1517728800000,991293,991300,990111,990300,0.2062,990705,-1,0,0,2684
1517728860000,990120,990300,987530,987530,0.3701,988915,-1,-2,0,2684
1517728920000,987530,989068,986008,988500,0.7328,987538,0,-1,0,2684
1517728980000,986971,988600,986026,987013,0.2352,987313,0,0,0,2684
1517729040000,988400,988400,987000,987605,0.3496,987700,-1,-1,0,2684
1517729100000,988165,988199,987000,988199,0.126,987599,0,-1,1,2684
1517729160000,987899,987899,986002,986002,1.9183,986950,-1,-1,0,2684
1517729220000,986510,986510,985000,985000,1.1989,985755,-1,-2,0,2684
1517729280000,985000,985237,984500,984785,0.5096,984868,-1,-2,0,2684
1517729340000,984697,985236,984500,985194,0.3338,984868,0,-1,1,2684
1517729400000,985100,996000,985063,985121,1.6841,990531,0,0,0,2684
1517729460000,990399,992000,985248,988965,0.4985,988624,-1,-1,0,2684
1517729520000,985983,990000,985983,986200,0.0535,987991,0,-1,0,2684
1517729580000,986200,989779,986200,986421,0.1238,987989,0,0,0,2684
1517729640000,986431,987599,986428,987390,0.9628,987013,0,0,0,2684
1517729700000,987642,987900,987368,987829,0.663,987634,0,0,0,2684
1517729760000,987642,988142,987380,987915,0.2473,987761,0,0,0,2684
1517729820000,987918,988900,987885,987936,0.0648,988392,0,0,0,2684
1517729880000,987936,988299,987281,987643,0.2452,987790,-1,-1,0,2684
1517729940000,987303,987900,986369,986369,0.8683,987134,-1,-2,0,2684
1517730000000,986369,986369,985900,985900,1.618,986134,-1,-2,0,2684
1517730060000,985799,985799,984459,984468,0.164,985129,-1,-2,0,2684
1517730120000,984467,984468,984448,984448,0.3024,984458,-1,-2,0,2684
1517730180000,984232,986024,984232,985290,0.0549,985128,1,0,0,2684
1517730240000,986028,986033,985294,985294,0.0136,985663,-1,0,0,2684
1517730300000,984600,985338,984600,984654,0.0049,984969,0,-1,0,2684
1517730360000,984661,985343,984512,984642,0.0917,984927,-1,-1,0,2684
1517730420000,984641,985343,984637,984637,0.0192,984990,-1,-2,0,2684
1517730480000,985298,985298,984238,984238,0.0082,984768,-1,-2,0,2684
1517730540000,984238,984492,984238,984251,0.0078,984365,0,-1,0,2684
1517730600000,984459,986751,984459,984707,0.058,985605,0,0,0,2684
1517730660000,985560,985977,984675,985977,0.0138,985326,0,0,1,2684
1517730720000,986419,986419,985006,985011,0.0658,985712,-1,-1,0,2684
1517730780000,986058,986067,985034,986059,0.0058,985550,0,-1,0,2684
1517730840000,986558,986558,985037,985526,0.0154,985797,-1,-1,0,2684
1517730900000,985047,987100,985047,986466,0.1528,986073,1,0,0,2684
1517730960000,987100,987200,986499,987159,0.1424,986849,0,1,0,2684
1517731020000,987200,988300,987187,988300,0.4774,987743,1,1,1,2684
1517731080000,988300,988351,988299,988336,0.1681,988325,0,1,0,2684
1517731140000,988301,988326,987452,987452,0.3701,987889,-1,-1,0,2684
1517731200000,987317,987366,987308,987361,0.002,987337,0,-1,1,2684
1517731260000,988389,989107,987340,989107,0.1013,988223,0,0,1,2684
1517731320000,988401,989979,988399,989805,0.1036,989189,1,1,1,2684
1517731380000,989929,990000,989800,990000,0.2924,989900,0,1,1,2684
1517731440000,989905,990000,989905,990000,0.2995,989952,0,0,1,2684
1517731500000,989985,990915,989985,990031,0.366,990450,0,0,0,2684
1517731560000,990908,991013,989829,990037,0.2967,990421,-1,-1,0,2684
1517731620000,990037,991400,990037,990038,0.1523,990718,0,-1,0,2684
1517731680000,990043,990466,989800,989800,0.1696,990133,-1,-1,0,2684
1517731740000,989800,989900,989500,989516,0.5004,989700,-1,-2,0,2684
1517731800000,989500,989597,987530,987530,0.0631,988563,-1,-2,0,2684
1517731860000,987599,987599,985960,985983,0.2145,986779,-1,-2,0,2684
1517731920000,985989,985995,984048,984048,0.468,985021,-1,-2,0,2684
1517731980000,984048,984048,981844,981854,0.7244,982946,-1,-2,0,2684
1517732040000,981854,983011,981254,982544,0.1462,982132,0,-1,0,2684
1517732100000,982599,982781,981254,981574,0.1534,982017,-1,-1,0,2684
1517732160000,981574,981598,977921,980096,1.7802,979759,-1,-2,0,2684
1517732220000,980419,980884,977922,977922,0.0813,979403,-1,-2,0,2684
1517732280000,978375,978822,976000,977000,0.3133,977411,-1,-2,0,2684
1517732340000,976101,976101,972000,972000,1.7428,974050,-1,-2,0,2684
1517732400000,972000,975887,972000,974402,0.2072,973943,1,0,0,2684
1517732460000,974402,975000,973418,974430,0.5916,974209,0,1,0,2684
1517732520000,974232,974965,972623,974965,0.1645,973794,0,0,1,2684
1517732580000,973790,974896,973749,973749,0.1166,974322,-1,-1,0,2684
1517732640000,974298,975000,972000,974152,0.6031,973500,-1,-2,0,2684
1517732700000,974152,974999,973348,974999,0.3869,974173,0,-1,1,2684
1517732760000,973667,977000,973667,974982,1.141,975333,1,1,0,2684
1517732820000,975482,975998,975482,975997,0.2354,975740,0,1,1,2684
1517732880000,976003,976003,974974,974994,1.0808,975488,-1,-1,0,2684
1517732940000,974994,975490,974994,975000,0.2063,975242,0,-1,0,2684
1517733000000,975449,975449,973567,974889,2.0273,974508,-1,-1,0,2684
1517733060000,973350,974974,971065,972530,1.3844,973019,-1,-2,0,2684
1517733120000,973965,973966,971039,973758,0.5981,972502,-1,-2,0,2684
1517733180000,971062,973660,971060,972985,0.0437,972360,1,0,0,2684
1517733240000,972704,972704,971059,971059,0.1885,971881,-1,0,0,2684
1517733300000,972677,973926,970579,971592,0.5091,972252,-1,-2,0,2684
1517733360000,972210,973427,970374,972128,0.1134,971900,-1,-2,0,2684
1517733420000,972864,973047,971000,971000,0.2584,972023,-1,-2,0,2684
1517733480000,970987,970994,970500,970790,0.1288,970747,-1,-2,0,2684
1517733540000,970712,970791,970712,970714,0.16,970751,0,-1,0,2684
1517733600000,970678,970678,970250,970250,0.0625,970464,-1,-1,0,2684
1517733660000,970005,970043,967551,967551,0.2038,968797,-1,-2,0,2684
1517733720000,967500,967500,960071,965871,1.7802,963785,-1,-2,0,2684
1517733780000,966689,967499,966689,967499,0.9539,967094,0,-1,1,2684
1517733840000,967499,967499,967101,967499,1.2637,967300,0,0,0,2684
1517733900000,967498,967499,967493,967498,1.0487,967496,0,0,0,2684
1517733960000,967493,967498,965924,966275,1.398,966711,-1,-1,0,2684
1517734020000,966269,967498,966269,967468,0.3364,966883,1,0,1,2684
1517734080000,967471,969506,967471,969506,0.3471,968488,1,2,1,2684
1517734140000,969508,969896,969508,969878,0.0898,969702,0,1,1,2684
1517734200000,969863,969863,967494,967494,0.1135,968678,-1,-1,0,3039
1517734260000,969759,969759,969681,969681,0.1602,969720,-1,-2,0,3039
1517734320000,969592,970021,969043,970021,0.308,969532,0,-1,1,3039
1517734380000,970043,971111,970000,971111,0.8699,970555,1,1,1,3039
1517734440000,971205,974899,970840,973007,0.631,972869,1,2,0,3039
1517734500000,974899,975445,973012,975439,0.0813,974228,0,1,1,3039
1517734560000,974370,974401,973799,973850,0.1016,974100,-1,-1,0,3039
1517734620000,974427,974430,973862,974423,0.0055,974146,-1,-2,0,3039
1517734680000,974419,974964,974410,974964,0.1163,974687,0,-1,1,3039
1517734740000,974959,974999,973156,974413,1.6143,974077,-1,-1,0,3039
1517734800000,974413,974499,973032,973032,0.0328,973765,-1,-2,0,3039
1517734860000,973369,973369,972049,972049,0.3363,972709,-1,-2,0,3039
1517734920000,972049,972049,967965,967967,0.2691,970007,-1,-2,0,3039
1517734980000,967969,968017,961001,964988,1.1414,964509,-1,-2,0,3039
1517735040000,963976,963977,960064,963931,0.7248,962020,-1,-2,0,3039
1517735100000,963738,963738,960000,960000,1.0896,961869,-1,-2,0,3039
1517735160000,960507,963287,960000,961599,1.811,961643,1,0,0,3039
1517735220000,960824,961990,960824,961899,0.6532,961407,1,2,1,3039
1517735280000,961697,961899,961291,961494,1.304,961595,-1,0,0,3039
1517735340000,961494,961899,961494,961593,0.4454,961696,0,-1,0,3039
1517735400000,961592,969600,957300,957649,3.4972,963450,-1,-1,0,3039
1517735460000,957352,958729,953223,954022,4.0112,955976,-1,-2,0,3039
1517735520000,954258,960000,954258,959407,0.998,957129,1,0,1,3039
1517735580000,959988,961208,959408,960612,1.4068,960308,0,1,0,3039
1517735640000,961207,963000,960613,960911,1.0571,961806,-1,-1,0,3039
1517735700000,961978,963407,961978,962245,0.6719,962692,0,-1,0,3039
1517735760000,962259,963589,962011,963310,0.0394,962800,1,1,0,3039
1517735820000,962817,962947,962002,962052,1.4328,962474,-1,0,0,3039
1517735880000,962052,962101,962000,962000,0.7802,962050,-1,-2,0,3039
1517735940000,962000,963793,961995,962921,0.5385,962894,0,-1,0,3039
1517736000000,963396,965406,963396,965406,0.5258,964401,1,1,1,3039
1517736060000,965406,968900,964001,964706,0.9331,966450,-1,0,0,3039
1517736120000,965575,966449,964253,964253,0.5012,965351,-1,-2,0,3039
1517736180000,966437,966900,964238,965109,1.0831,965569,-1,-2,0,3039
1517736240000,965699,965699,962080,962080,0.4856,963889,-1,-2,0,3039
1517736300000,962065,962065,957000,957006,0.6585,959532,-1,-2,0,3039
1517736360000,959565,961480,956340,956342,0.3053,958910,-1,-2,0,3039
1517736420000,956342,958715,954000,954000,0.9449,956357,-1,-2,0,3039
1517736480000,954000,956898,954000,955019,1.0447,955449,1,0,0,3039
1517736540000,955989,956000,954040,954780,0.8507,955020,-1,0,0,3039
1517736600000,954997,955004,954530,954540,0.2644,954767,-1,-2,0,3039
1517736660000,954761,954980,954761,954805,1.2333,954870,0,-1,0,3039
1517736720000,954810,954815,952614,952619,1.2063,953714,-1,-1,0,3039
1517736780000,952717,954000,951620,952662,1.0318,952810,-1,-2,0,3039
1517736840000,951371,952799,950000,950054,1.741,951399,-1,-2,0,3039
1517736900000,949961,951371,947013,947094,1.1449,949192,-1,-2,0,3039
1517736960000,947094,947186,943609,945542,1.6142,945397,-1,-2,0,3039
1517737020000,944021,949080,941203,941212,1.3702,945141,-1,-2,0,3039
1517737080000,941208,943608,940000,940000,1.9226,941804,-1,-2,0,3039
1517737140000,940201,943391,937176,943391,1.2443,940283,1,0,1,3039
1517737200000,943682,943973,943387,943681,0.0734,943680,-1,0,0,3039
1517737260000,943681,948006,943668,948003,3.8581,945837,1,0,1,3039
1517737320000,948001,950164,945040,950154,1.5471,947602,1,2,1,3039
1517737380000,950159,953931,950000,953000,3.3659,951965,1,2,0,3039
1517737440000,952901,952999,948613,948618,0.5948,950806,-1,0,0,5781
1517737500000,948623,948961,939995,940000,1.2861,944478,-1,-2,0,5781
1517737560000,947997,947997,944630,944630,5.0033,946313,-1,-2,0,5781
1517737620000,943541,946207,943000,943010,2.3066,944603,-1,-2,0,5781
1517737680000,943010,952800,943005,944889,1.9259,947902,1,0,0,5781
1517737740000,944889,949295,944202,945001,2.5184,946748,0,1,0,5781
1517737800000,945810,947514,945809,946713,1.0228,946661,0,0,0,5781
1517737860000,945814,948177,945814,948172,0.4895,946995,1,1,1,5781
1517737920000,948167,949900,948012,949804,0.5,948956,1,2,1,5781
1517737980000,949000,950342,949000,949999,0.5817,949671,0,1,0,5781
1517738040000,949800,949800,947031,947599,0.5453,948415,-1,-1,0,6581
1517738100000,947307,947400,945030,945799,0.2623,946215,-1,-2,0,6581
1517738160000,945804,946001,945001,945007,0.6934,945501,-1,-2,0,6581
1517738220000,945672,946900,945248,946089,0.8867,946074,0,-1,0,6581
1517738280000,947499,948900,939410,945261,1.2828,944155,-1,-1,0,6581
1517738340000,945261,948498,945244,948498,1.2371,946871,1,0,1,6581
1517738400000,948405,948656,948405,948510,0.3908,948530,0,1,0,6581
1517738460000,948513,949849,948498,949834,1.6986,949173,1,1,1,6581
1517738520000,949834,949849,948499,948499,0.7781,949174,-1,0,0,6581
1517738580000,948499,949729,945000,945000,1.3941,947364,-1,-2,0,6581
1517738640000,945000,947359,935000,940051,5.0426,941179,-1,-2,0,6581
1517738700000,940041,947800,936030,936475,1.385,941915,-1,-2,0,6581
1517738760000,942981,944386,936028,940410,1.1187,940207,-1,-2,0,6581
1517738820000,940410,947000,936680,938927,1.3369,941840,-1,-2,0,6581
1517738880000,938933,946978,938933,945000,0.3191,942955,1,0,0,6581
1517738940000,942346,946000,942338,945840,1.349,944169,1,2,1,6581
1517739000000,945840,946000,941717,941717,0.7684,943858,-1,0,0,6581
1517739060000,940957,942483,940901,942469,0.5676,941692,1,0,1,6581
1517739120000,940903,942445,940902,942445,0.2567,941673,1,2,1,6581
1517739180000,942408,942875,941693,942483,0.1977,942284,0,1,0,6581
1517739240000,942674,949999,940993,942500,2.0865,945496,-1,-1,0,6847
1517739300000,942991,942991,942100,942100,0.1557,942545,-1,-2,0,6847
1517739360000,942125,943480,939279,939483,0.2867,941379,-1,-2,0,6847
1517739420000,940799,940799,937636,937827,0.2241,939217,-1,-2,0,6847
1517739480000,939304,940025,937803,937841,0.3054,938914,-1,-2,0,6847
1517739540000,937803,937803,927000,935327,1.1659,932401,-1,-2,0,6847
1517739600000,935005,935005,925770,933769,0.5023,930387,-1,-2,0,6847
1517739660000,933762,934859,933762,934839,0.3226,934310,1,0,1,6847
1517739720000,934854,943010,933728,935995,1.0534,938369,1,2,0,6847
1517739780000,935995,937799,935815,936013,0.4416,936807,0,1,0,6847
1517739840000,936900,937803,936900,937652,0.2294,937351,0,0,0,6847
1517739900000,937725,937799,936900,937201,0.1795,937349,-1,-1,0,6847
1517739960000,937200,937200,936905,936952,0.0681,937052,-1,-2,0,6847
1517740020000,936946,936998,936444,936444,0.1001,936721,-1,-2,0,6847
1517740080000,936449,936866,936449,936866,0.102,936657,0,-1,1,6847
1517740140000,936770,937802,936459,937802,0.3706,937130,1,1,1,6847
1517740200000,937802,942900,937559,942499,2.1444,940229,1,2,1,6847
1517740260000,942499,944998,942499,944998,2.1209,943748,1,2,1,6847
1517740320000,944998,945000,942666,944500,1.151,943833,-1,0,0,9346
1517740380000,944500,944500,942500,944500,1.1067,943500,0,-1,0,9346
1517740440000,942529,945000,942529,945000,1.3402,943764,1,1,1,9346
1517740500000,945500,948977,945500,945501,1.5868,947238,0,1,0,9346
1517740560000,945502,946903,944152,944152,0.9231,945527,-1,-1,0,9346
1517740620000,944153,947301,943827,944828,0.3169,945564,0,-1,0,9346
1517740680000,946066,947619,946066,947575,0.2609,946842,1,1,1,9346
1517740740000,947579,947589,946401,946975,0.692,946995,-1,0,0,9346
1517740800000,946894,947575,946302,947379,0.4737,946938,0,-1,0,9346
1517740860000,946500,947575,946500,947569,0.1424,947037,1,1,1,9346
1517740920000,947569,948948,947055,947999,0.4516,948001,0,1,0,9346
1517740980000,947056,950000,947001,950000,1.0582,948500,1,1,1,9346
1517741040000,949414,950000,947000,947176,0.8567,948500,-1,0,0,9346
1517741100000,947176,949851,941933,944569,2.3714,945892,-1,-2,0,9346
1517741160000,944638,950000,940169,940169,1.7356,945084,-1,-2,0,9346
1517741220000,939244,940205,938318,938895,0.3068,939261,-1,-2,0,9346
1517741280000,938314,942520,938314,938735,0.8193,940417,0,-1,0,9346
1517741340000,938378,942630,937802,937974,0.3545,940216,-1,-1,0,9346
1517741400000,937812,939900,937802,937810,0.0119,938851,-1,-2,0,9346
1517741460000,940080,942449,938945,942449,0.9562,940697,1,0,1,9346
1517741520000,944334,945101,938001,942593,0.8145,941551,-1,0,0,9346
1517741580000,942596,949500,940420,942342,0.8509,944960,-1,-2,0,9346
1517741640000,942342,942769,942342,942562,0.0336,942555,0,-1,0,9346
1517741700000,943382,947000,939000,942300,1.5457,943000,-1,-1,0,9346
1517741760000,942011,943579,941736,942995,0.085,942657,0,-1,0,9346
1517741820000,942480,946980,942480,944960,0.5124,944730,1,1,0,9346
1517741880000,945617,950000,937120,948432,2.8786,943560,1,2,0,9346
1517741940000,948431,954000,948427,950000,1.6828,951213,1,2,0,9346
1517742000000,950364,953000,950000,950000,1.3685,951500,-1,0,0,9346
1517742060000,950001,950001,947764,949943,0.2181,948882,-1,-2,0,9346
1517742120000,948355,950008,944641,945747,1.4546,947324,-1,-2,0,9346
1517742180000,949615,949615,941985,949146,1.228,945800,-1,-2,0,9346
1517742240000,945801,948138,943442,946000,1.0229,945790,0,-1,0,9346
1517742300000,946006,947999,942010,944953,0.36,945004,-1,-1,0,9346
1517742360000,946338,947525,943255,945401,0.1147,945390,-1,-2,0,9346
1517742420000,946440,952000,945406,948214,1.2382,948703,1,0,0,9346
1517742480000,950327,955000,948834,951612,1.2817,951917,1,2,0,9346
1517742540000,951608,959998,951584,956346,2.0207,955791,1,2,0,9346
1517742600000,956351,961262,956351,960195,2.6275,958806,1,2,0,9346
1517742660000,960008,960682,957000,957183,0.5929,958841,-1,0,0,9346
1517742720000,957073,957104,953420,953420,3.111,955262,-1,-2,0,9346
1517742780000,953699,956943,953499,954585,0.8647,955221,0,-1,0,9346
1517742840000,954586,958795,954575,955799,2.3084,956685,1,1,0,9346
1517742900000,955479,955806,954004,954005,2.0078,954905,-1,0,0,9346
1517742960000,954683,955379,954683,955299,0.3721,955031,0,-1,1,9346
1517743020000,955302,955316,953142,953299,1.0344,954229,-1,-1,0,9346
1517743080000,953142,953142,947175,950999,1.5645,950158,-1,-2,0,9346
1517743140000,950347,950347,948605,949264,1.0696,949476,-1,-2,0,9346
1517743200000,949264,950911,948447,950099,0.3001,949679,0,-1,0,9346
1517743260000,949230,951000,948662,950900,0.7274,949831,1,1,1,9346
1517743320000,950053,951551,949207,951000,0.4582,950379,0,1,0,9346
1517743380000,951000,951551,950902,951551,0.331,951226,0,0,1,9346
1517743440000,951337,953605,950958,950998,1.2622,952281,-1,-1,0,9346
1517743500000,950975,952198,950000,950033,0.9944,951099,-1,-2,0,9346
1517743560000,950038,951900,950000,950799,1.1289,950950,0,-1,0,9346
1517743620000,950001,950499,949100,949502,0.531,949799,-1,-1,0,9346
1517743680000,949502,949700,949073,949619,0.5376,949386,0,-1,0,9346
1517743740000,949629,951371,949629,951200,0.0631,950500,1,1,1,9346
1517743800000,951016,951884,950832,951105,0.009,951358,0,1,0,9346
1517743860000,951119,953208,951119,952537,0.0475,952163,1,1,0,9346
1517743920000,953858,954878,948055,948055,0.8403,951466,-1,0,0,9346
1517743980000,948055,955505,937499,955410,3.4541,946502,1,0,1,9346
1517744040000,955412,955599,953856,955583,0.3616,954727,0,1,1,9346
1517744100000,954891,954891,953295,954739,0.1235,954093,-1,-1,0,9346
1517744160000,954993,955000,954739,955000,1.4437,954869,0,-1,1,9346
1517744220000,955000,958502,954767,956583,1.8538,956634,1,1,0,9346
1517744280000,958094,958099,955403,956450,0.7629,956751,-1,0,0,9346
1517744340000,956450,956824,956450,956626,1.6787,956637,0,-1,0,9346
1517744400000,956455,956463,954819,956099,0.2073,955641,-1,-1,0,9346
1517744460000,956000,956299,954820,954820,0.3475,955559,-1,-2,0,9346
1517744520000,954869,954869,951619,951619,0.4708,953244,-1,-2,0,9346
1517744580000,951809,951809,949126,949799,0.1922,950467,-1,-2,0,9346
1517744640000,949512,949512,947262,948125,0.2987,948387,-1,-2,0,9346
1517744700000,948499,948499,942525,946877,0.5389,945512,-1,-2,0,9346
1517744760000,946852,946852,944371,946677,0.1877,945611,-1,-2,0,9346
1517744820000,945677,948936,945677,946635,0.2407,947306,0,-1,0,9346
1517744880000,946632,946632,945347,946626,0.0829,945989,-1,-1,0,9346
1517744940000,946305,946621,945984,945984,0.012,946302,-1,-2,0,9346
1517745000000,945986,946627,944294,944559,1.2777,945460,-1,-2,0,9346
1517745060000,944363,944399,940334,941666,1.3791,942366,-1,-2,0,9346
1517745120000,941666,942044,939694,939695,0.3151,940869,-1,-2,0,9346
1517745180000,939694,939694,938773,938880,0.1649,939233,-1,-2,0,9346
1517745240000,938922,939693,938922,939688,0.469,939307,0,-1,1,9346
1517745300000,939688,940099,937845,937845,0.7501,938972,-1,-1,0,9346
1517745360000,938172,938500,936444,936747,1.4227,937472,-1,-2,0,9346
1517745420000,936701,936748,935631,936400,1.157,936189,-1,-2,0,9346
1517745480000,936400,938399,936400,936400,1.4697,937399,0,-1,0,9346
1517745540000,936400,938100,932615,932615,3.051,935357,-1,-1,0,9346
1517745600000,932615,934699,926364,926392,1.7401,930531,-1,-2,0,9346
1517745660000,926399,926400,922902,923476,0.8152,924651,-1,-2,0,9346
1517745720000,924049,925024,921500,921500,0.3886,923262,-1,-2,0,9346
1517745780000,921999,922205,921500,921849,1.2906,921852,-1,-2,0,9346
1517745840000,921851,921851,921500,921505,3.0194,921675,-1,-2,0,9346
1517745900000,921510,921525,913500,920000,1.0061,917512,-1,-2,0,9346
1517745960000,918671,920647,915062,920000,2.1737,917854,1,0,0,9346
1517746020000,920000,929855,917813,923633,2.2771,923834,1,2,0,9346
1517746080000,923633,925962,921072,923374,0.4121,923517,-1,0,0,9346
1517746140000,923471,923473,922582,923473,0.0643,923027,0,-1,1,9346
1517746200000,923845,925013,921001,921001,0.6842,923007,-1,-1,0,9346
1517746260000,922593,922611,920650,920660,0.4473,921630,-1,-2,0,9346
1517746320000,920000,920325,918357,920000,0.497,919341,0,-1,0,9346
1517746380000,920000,921000,919814,921000,0.5053,920407,0,0,1,9346
1517746440000,920995,922260,920778,920778,0.2749,921519,-1,-1,0,9346
1517746500000,920778,922246,919960,922246,0.3405,921103,1,0,1,9346
1517746560000,922246,924924,922246,924924,0.1867,923585,1,2,1,9346
1517746620000,924374,926377,922854,923310,1.2592,924615,-1,0,0,9346
1517746680000,923687,928958,922164,923777,1.4752,925561,0,-1,0,8659
1517746740000,923657,927500,920982,921006,1.251,924241,-1,-1,0,8659
1517746800000,921012,925149,920991,925149,1.2343,923070,1,0,1,8659
1517746860000,925149,928648,921819,928648,0.523,925233,1,2,1,8659
1517746920000,925393,927348,921334,923590,0.404,924341,-1,0,0,8659
1517746980000,925832,926270,924514,924521,0.2119,925392,-1,-2,0,9098
1517747040000,924054,924532,921694,921694,0.3001,923113,-1,-2,0,9098
1517747100000,924027,924030,920000,920026,1.0044,922015,-1,-2,0,9098
1517747160000,920032,922310,920032,920964,0.0987,921171,0,-1,0,9098
1517747220000,920085,920522,913388,913997,1.2641,916955,-1,-1,0,9098
1517747280000,914015,914015,908800,909758,1.2493,911407,-1,-2,0,9098
1517747340000,909493,910353,901470,907000,0.971,905911,-1,-2,0,9098
1517747400000,907010,909948,905500,907020,1.5856,907724,0,-1,0,9098
1517747460000,907023,914643,907018,914635,1.3255,910830,1,1,1,9098
1517747520000,912349,916242,912349,913999,0.5671,914295,1,2,0,9098
1517747580000,913999,914335,913971,913996,0.5174,914153,-1,0,0,9098
1517747640000,913994,914049,909374,912207,0.3482,911711,-1,-2,0,9098
1517747700000,912219,912252,911424,912251,0.1199,911838,0,-1,1,9098
1517747760000,911521,913000,911472,913000,0.4654,912236,1,1,1,9098
1517747820000,912083,918000,912083,916113,1.2484,915041,1,2,0,9098
1517747880000,914592,923091,914592,917938,0.5565,918841,1,2,0,9098
1517747940000,918096,925000,914048,914048,1.3102,919524,-1,0,0,9098
1517748000000,915766,917463,912396,917463,0.4047,914929,1,0,1,9098
1517748060000,916220,919776,915001,917485,0.3699,917388,1,2,0,9098
1517748120000,918628,919771,917483,917497,0.8496,918627,-1,0,0,9098
1517748180000,917490,917512,917483,917502,0.2672,917497,0,-1,0,9098
1517748240000,917493,917512,917483,917484,0.1694,917497,-1,-1,0,9098
1517748300000,917484,920590,917484,919503,0.8882,919037,1,0,0,9098
1517748360000,919684,924896,919684,920458,0.1682,922290,0,1,0,9098
1517748420000,920468,924331,920468,921932,0.0285,922399,1,1,0,9098
1517748480000,920718,922273,920561,920561,0.7578,921417,-1,0,0,9098
1517748540000,920904,922078,920223,920926,0.0618,921150,0,-1,0,9098
1517748600000,921085,922232,921080,921272,0.0331,921656,0,0,0,9098
1517748660000,922592,922592,919123,920000,1.8743,920857,-1,-1,0,9098
1517748720000,920962,921925,920000,920960,0.1987,920962,-1,-2,0,9098
1517748780000,920962,922163,920000,920010,0.2106,921081,-1,-2,0,9098
1517748840000,920006,920126,920000,920070,0.7758,920063,0,-1,0,9098
1517748900000,921084,924900,921084,923998,1.15,922992,1,1,0,9098
1517748960000,922699,924000,922623,923000,0.1721,923311,0,1,0,9098
1517749020000,922796,923997,922710,923997,0.9155,923353,1,1,1,9098
1517749080000,923997,929055,923992,928025,1.2071,926523,1,2,0,9098
1517749140000,929044,930701,928676,930701,1.5044,929688,1,2,1,9098
1517749200000,930701,934508,930000,930000,2.1029,932254,-1,0,0,9098
1517749260000,930000,933999,928936,930050,0.6664,931467,0,-1,0,9098
1517749320000,930060,934508,930060,934261,0.5756,932284,1,1,1,9098
1517749380000,934025,934508,934000,934508,0.5663,934254,0,1,1,9098
1517749440000,934503,934503,932177,932177,0.2489,933340,-1,-1,0,9098
1517749500000,932177,934508,932167,934508,0.7689,933337,1,0,1,9098
1517749560000,934503,934503,933570,933906,0.0248,934036,-1,0,0,9098
1517749620000,933854,934052,929019,929599,0.4951,931535,-1,-2,0,9098
1517749680000,929254,932034,928935,930001,0.3542,930484,0,-1,0,9098
1517749740000,930011,930588,928935,928937,0.249,929761,-1,-1,0,9098
1517749800000,929452,929691,928949,929477,0.0178,929320,0,-1,0,9098
1517749860000,929572,931720,929488,931720,0.4988,930604,1,1,1,9098
1517749920000,930868,931742,930868,931000,0.4418,931305,0,1,0,9098
1517749980000,930910,930910,930878,930882,0.2239,930894,-1,-1,0,9098
1517750040000,930868,930868,929452,929725,0.0868,930160,-1,-2,0,9098
1517750100000,929725,929891,927704,927704,0.6447,928797,-1,-2,0,9098
1517750160000,927755,927755,923997,925222,0.8831,925876,-1,-2,0,9098
1517750220000,923997,925229,923099,924197,0.37,924164,0,-1,0,9098
1517750280000,924201,925206,923000,925206,0.8283,924103,1,1,1,9098
1517750340000,925258,927524,925258,927522,0.1377,926391,1,2,1,9098
1517750400000,927522,927790,927518,927789,0.4079,927654,0,1,1,9098
1517750460000,927789,929999,927789,928945,0.4816,928894,1,1,0,9365
1517750520000,928921,928947,928915,928947,0.1813,928931,0,1,1,9365
1517750580000,928947,932333,928940,932333,0.4358,930636,1,1,1,9365
1517750640000,932333,934946,931682,934734,0.4172,933314,1,2,1,9365
1517750700000,934734,934895,934059,934728,0.2137,934477,-1,0,0,9365
1517750760000,934728,934733,932593,934618,0.2063,933663,-1,-2,0,9365
1517750820000,934638,934638,932410,932502,0.4763,933524,-1,-2,0,9365
1517750880000,932596,933618,931015,931105,0.2958,932316,-1,-2,0,9365
1517750940000,931031,931180,931001,931001,0.1789,931090,-1,-2,0,9365
1517751000000,931001,931001,928930,930946,0.4772,929965,-1,-2,0,9365
1517751060000,929952,930950,928583,928583,0.5309,929766,-1,-2,0,9365
1517751120000,920600,928953,920600,927730,0.9781,924776,1,0,1,9365
1517751180000,927730,928953,926747,928073,0.1441,927850,0,1,0,9365
1517751240000,928420,930730,928077,929628,0.0896,929403,1,1,0,9365
1517751300000,929622,930699,929018,929018,0.17,929858,-1,0,0,9365
1517751360000,928764,929522,926523,926533,0.2378,928022,-1,-2,0,9365
1517751420000,926530,928156,917670,926905,0.4856,922913,0,-1,0,9365
1517751480000,925665,928023,917650,925520,0.492,922836,-1,-1,0,9365
1517751540000,925521,925523,922526,925521,0.0446,924024,0,-1,0,9365
1517751600000,925498,925498,922100,925127,0.6913,923799,-1,-1,0,9365
1517751660000,925127,925523,923214,923214,0.9948,924368,-1,-2,0,9365
1517751720000,923332,925523,922500,925268,0.4565,924011,1,0,1,9365
1517751780000,925523,926700,924973,924973,0.7237,925836,-1,0,0,9365
1517751840000,924973,925318,922538,923009,1.7603,923928,-1,-2,0,9365
1517751900000,923009,925234,921030,921573,0.5088,923132,-1,-2,0,9365
1517751960000,921925,923954,921778,922997,0.1166,922866,1,0,0,9365
1517752020000,922829,922999,922829,922999,0.4389,922914,0,1,1,9365
1517752080000,922997,927157,922997,926383,2.4355,925077,1,1,0,9365
1517752140000,926393,929884,925621,929000,1.1435,927752,1,2,0,9365
1517752200000,929010,930363,929005,930019,1.624,929684,1,2,0,9365
1517752260000,930720,931180,930372,930848,0.1684,930776,0,1,0,9365
1517752320000,930942,931224,928668,928668,1.3571,929946,-1,-1,0,9365
1517752380000,928779,930000,928779,929531,0.7503,929389,0,-1,0,9365
1517752440000,930000,932607,928719,930016,0.4698,930663,0,0,0,9365
1517752500000,931173,932315,930011,930101,0.2041,931163,-1,-1,0,9365
1517752560000,930101,930101,927187,928532,0.2422,928644,-1,-2,0,9365
1517752620000,928541,930000,921657,929226,0.4574,925828,0,-1,0,9365
1517752680000,929541,929857,929541,929857,0.0213,929699,0,0,1,9365
1517752740000,929857,931952,929743,931952,0.1097,930847,1,1,1,9365
1517752800000,931617,932296,931617,932294,0.0711,931956,0,1,1,9365
1517752860000,932284,934202,932284,934202,0.4399,933243,1,1,1,9365
1517752920000,933762,934428,933332,934307,0.7829,933880,0,1,0,9365
1517752980000,934209,939441,934202,939441,1.8688,936821,1,1,1,9365
1517753040000,937958,939292,936670,939276,0.3886,937981,1,2,1,9365
1517753100000,939281,939688,939281,939688,0.6373,939484,0,1,1,9365
1517753160000,939688,941618,939382,939382,2.1094,940500,-1,-1,0,9772
1517753220000,939382,940810,939281,939997,1.1717,940045,0,-1,0,9772
1517753280000,940000,940112,939381,940014,0.8483,939746,0,0,0,9772
1517753340000,939393,940009,936538,938991,1.3808,938273,-1,-1,0,9772
1517753400000,938987,938987,937119,938940,0.0745,938053,-1,-2,0,9772
1517753460000,937125,938033,934791,937145,0.4562,936412,0,-1,0,9772
1517753520000,937159,938965,937159,938899,1.7402,938062,1,1,1,9772
1517753580000,938899,941240,938899,940097,0.6486,940069,1,2,0,9772
1517753640000,939545,943404,939545,942442,0.705,941474,1,2,0,9772
1517753700000,942928,945143,942928,945143,0.4221,944035,1,2,1,9772
1517753760000,944574,947000,944000,946995,0.4473,945500,1,2,1,9772
1517753820000,946963,946963,943995,945373,1.135,945479,-1,0,0,9772
1517753880000,944700,944700,939804,943007,0.7486,942252,-1,-2,0,7509
1517753940000,943007,943007,936478,938273,1.0626,939742,-1,-2,0,7509
1517754000000,939983,939983,938084,938269,0.792,939033,-1,-2,0,7509
1517754060000,938267,938275,938083,938183,0.1577,938179,-1,-2,0,7509
1517754120000,938265,939100,938165,939100,0.608,938632,0,-1,1,7509
1517754180000,938737,947111,938737,940042,0.6766,942924,1,1,0,7509
1517754240000,940028,940028,939002,939051,0.2648,939515,-1,0,0,7509
1517754300000,938884,939030,938379,938379,0.1474,938704,-1,-2,0,7509
1517754360000,938374,938733,936521,937299,0.2839,937627,-1,-2,0,7509
1517754420000,936910,937299,934500,936595,0.3203,935899,-1,-2,0,7509
1517754480000,935899,936096,934779,936009,0.0432,935437,0,-1,0,7509
1517754540000,935752,935752,932759,933226,0.2291,934255,-1,-1,0,7509
1517754600000,933672,933680,930000,933626,0.6037,931840,-1,-2,0,7509
1517754660000,933625,934505,932021,934505,0.4277,933263,0,-1,1,7509
1517754720000,933653,935500,933651,934614,0.3809,934575,0,0,0,7509
1517754780000,934614,935775,934387,934387,0.2709,935081,-1,-1,0,7509
1517754840000,935089,936653,935081,936653,0.0659,935867,1,0,1,7509
1517754900000,936653,936761,935796,936761,0.0309,936278,0,1,1,7509
1517754960000,937717,937717,935812,936767,0.3037,936764,-1,-1,0,7509
1517755020000,936764,937717,935823,936719,0.2888,936770,-1,-2,0,7509
1517755080000,935855,936950,934570,935730,0.6728,935760,-1,-2,0,7509
1517755140000,935071,936396,935071,935361,0.0657,935733,0,-1,0,7509
1517755200000,935364,935494,934655,934655,0.0152,935074,-1,-1,0,7509
1517755260000,935077,935077,934300,934670,0.041,934688,-1,-2,0,7509
1517755320000,934142,934142,932700,932914,0.3941,933421,-1,-2,0,7509
1517755380000,932705,933624,929452,929454,0.4948,931538,-1,-2,0,7509
1517755440000,929459,933548,927697,929069,0.8231,930622,-1,-2,0,7509
1517755500000,928233,929000,925912,927422,0.3189,927456,-1,-2,0,7509
1517755560000,927412,928978,925034,928900,0.7272,927006,1,0,1,7509
1517755620000,928160,928952,927421,928187,0.0205,928186,0,1,0,7509
1517755680000,928186,928954,927302,928005,0.2844,928128,-1,-1,0,7509
1517755740000,928249,929669,928037,928501,0.359,928853,0,-1,0,7509
1517755800000,928501,928501,927401,927929,0.3215,927951,-1,-1,0,7509
1517755860000,927679,927689,923000,927689,1.1821,925344,0,-1,1,7509
1517755920000,927700,927700,921598,925906,0.8359,924649,-1,-1,0,7509
1517755980000,925906,927545,925906,927545,0.3406,926725,1,0,1,7509
1517756040000,926000,927577,926000,926000,0.4064,926788,0,1,0,7509
1517756100000,926342,926342,925078,925278,0.3999,925710,-1,-1,0,7509
1517756160000,925281,925449,923270,923270,0.2991,924359,-1,-2,0,7509
1517756220000,923156,925091,923040,924456,0.0846,924065,1,0,0,7509
1517756280000,925091,925091,915124,922380,3.4584,920107,-1,0,0,7509
1517756340000,924750,924750,923477,924531,0.1293,924113,-1,-2,0,7509
1517756400000,924271,926584,924271,925893,0.5308,925427,1,0,0,7509
1517756460000,925903,926655,924345,926546,1.6901,925500,0,1,1,7509
1517756520000,925479,926558,925478,926558,0.478,926018,1,1,1,7509
1517756580000,926546,931511,926432,931511,1.6606,928971,1,2,1,7509
1517756640000,928512,933369,928512,933000,0.5005,930940,1,2,1,7509
1517756700000,932999,932999,931579,931615,0.5487,932289,-1,0,0,11996
1517756760000,931625,932998,931625,932745,0.4689,932311,1,0,0,11996
1517756820000,932989,938570,932643,932749,0.5765,935606,-1,0,0,11996
1517756880000,935659,938911,933056,935978,0.4819,935983,0,-1,0,11996
1517756940000,938375,938800,933426,933600,0.563,936113,-1,-1,0,11996
1517757000000,933251,936000,930843,930843,0.3073,933421,-1,-2,0,11996
1517757060000,930293,933100,928477,933100,1.1331,930788,1,0,1,11996
1517757120000,928459,930682,927719,930682,0.0344,929200,1,2,1,11996
1517757180000,927895,930608,927878,930608,0.3691,929243,1,2,1,11996
1517757240000,930607,930809,930089,930608,0.3663,930449,0,1,0,14708
1517757300000,930608,931000,930349,930365,0.5356,930674,-1,-1,0,14708
1517757360000,930101,931000,930096,930341,0.1813,930548,0,-1,0,14708
1517757420000,930365,930639,930353,930353,0.0154,930496,-1,-1,0,14708
1517757480000,930342,930990,928930,929978,0.0407,929960,-1,-2,0,14708
1517757540000,929943,930600,926846,926846,0.4351,928723,-1,-2,0,14708
1517757600000,928625,929494,926588,926624,0.8065,928041,-1,-2,0,14708
1517757660000,926558,927426,925000,925000,0.5697,926213,-1,-2,0,14708
1517757720000,923277,924995,917821,919200,1.2571,921408,-1,-2,0,14708
1517757780000,919200,919647,917348,917348,0.9488,918497,-1,-2,0,14708
1517757840000,917799,917891,917347,917825,0.1871,917619,0,-1,0,14708
1517757900000,917827,917837,917824,917834,0.6784,917830,0,0,0,14708
1517757960000,917832,917832,912000,912000,1.1812,914916,-1,-1,0,14708
1517758020000,915302,916575,912012,915767,0.1206,914293,0,-1,0,14708
1517758080000,915339,916584,915339,915610,0.097,915961,0,0,0,14708
1517758140000,916566,918149,915611,918149,0.1809,916880,1,1,1,14708
1517758200000,917301,917687,915982,917295,0.377,916834,-1,0,0,14708
1517758260000,915996,916640,915927,915927,0.08,916283,-1,-2,0,14708
1517758320000,916589,917922,915893,917922,0.2704,916907,1,0,1,14708
1517758380000,916978,918000,916978,918000,0.988,917489,1,2,1,14708
1517758440000,918000,918000,917000,917000,0.3796,917500,-1,0,0,14708
1517758500000,917000,920000,917000,917030,0.5542,918500,0,-1,0,13708
1517758560000,917015,917019,916948,916948,0.1543,916983,-1,-1,0,13708
1517758620000,916911,916988,916000,916000,0.3527,916494,-1,-2,0,13708
1517758680000,916001,916426,914759,914759,0.191,915592,-1,-2,0,13708
1517758740000,914759,915767,911469,911734,1.2365,913618,-1,-2,0,13708
1517758800000,911469,913500,900999,908460,1.7815,907249,-1,-2,0,13708
1517758860000,909154,910499,905214,905224,2.5053,907856,-1,-2,0,13708
1517758920000,905224,905503,903308,903327,1.1333,904405,-1,-2,0,13708
1517758980000,903327,903400,903308,903308,0.4768,903354,-1,-2,0,13708
1517759040000,903307,904999,901020,902800,1.4544,903009,-1,-2,0,13708
1517759100000,901050,907341,900961,907339,1.8641,904151,1,0,1,13708
1517759160000,903005,909000,903005,909000,0.99,906002,1,2,1,13708
1517759220000,909000,910274,908810,908934,0.6866,909542,-1,0,0,13708
1517759280000,908934,911287,908934,911287,0.9392,910110,1,0,1,13708
1517759340000,911367,913033,911254,911288,0.6448,912143,-1,0,0,16075
1517759400000,911741,913519,911288,911926,0.1923,912403,0,-1,0,16075
1517759460000,911926,913547,911915,912297,0.0755,912731,0,0,0,16075
1517759520000,912299,912470,912143,912297,0.5659,912306,-1,-1,0,16075
1517759580000,912220,912297,911288,911895,0.2715,911792,-1,-2,0,16075
1517759640000,911407,911879,911288,911821,0.1354,911583,0,-1,1,16075
1517759700000,911414,911834,909027,910604,0.4172,910430,-1,-1,0,16075
1517759760000,909222,909380,907067,908783,0.2136,908223,-1,-2,0,16075
1517759820000,908783,908783,906092,906600,0.1477,907437,-1,-2,0,16075
1517759880000,907251,907251,906246,906246,0.0302,906748,-1,-2,0,16075
1517759940000,906245,906776,905696,906235,0.4304,906236,-1,-2,0,16075
1517760000000,905995,906773,905850,905937,0.2504,906311,-1,-2,0,16075
1517760060000,905994,911849,905696,911849,1.6373,908772,1,0,1,16075
1517760120000,911849,916514,911801,912282,1.9357,914157,0,1,0,16075
1517760180000,911306,917025,908208,910015,0.9632,912616,-1,-1,0,16075
1517760240000,914066,914067,912041,913847,0.1112,913054,-1,-2,0,16075
1517760300000,910117,911812,910117,910303,0.0542,910964,0,-1,0,16075
1517760360000,911796,911796,910001,910223,0.2409,910898,-1,-1,0,16075
1517760420000,910022,910201,909996,910013,0.7086,910098,-1,-2,0,16075
1517760480000,910022,910301,910022,910145,0.0259,910161,0,-1,0,16075
1517760540000,910150,910155,907729,907800,0.2545,908942,-1,-1,0,16075
1517760600000,907800,908592,905544,905741,0.1756,907068,-1,-2,0,16075
1517760660000,906909,907702,905000,907688,0.2401,906351,0,-1,1,16075
1517760720000,907688,908494,905149,907614,0.4183,906821,-1,-1,0,16075
1517760780000,906846,907711,906846,907280,0.1546,907278,0,-1,0,16075
1517760840000,907264,907264,905350,906450,0.3143,906307,-1,-1,0,16075
1517760900000,905207,907485,901054,903945,1.5816,904269,-1,-2,0,16075
1517760960000,903945,907404,903945,907009,0.2518,905674,1,0,1,16075
1517761020000,906637,907342,906622,907342,0.1792,906982,0,1,1,16075
1517761080000,907342,909429,907342,909429,0.0928,908385,1,1,1,16075
1517761140000,909429,909435,907025,907668,0.2206,908230,-1,0,0,16075
1517761200000,907342,907651,901696,901848,0.8733,904673,-1,-2,0,16075
1517761260000,901847,905900,900015,900100,1.9083,902957,-1,-2,0,16075
1517761320000,900382,900754,899963,900058,1.0261,900358,-1,-2,0,16075
1517761380000,900058,900058,894999,899941,7.0831,897528,-1,-2,0,16075
1517761440000,895020,899921,890998,895115,0.2668,895459,0,-1,0,16075
1517761500000,895125,896426,895115,895205,0.1769,895770,0,0,0,16075
1517761560000,895672,896217,895205,895946,0.5447,895711,0,0,0,16075
1517761620000,896217,899455,895702,898025,0.5497,897578,1,1,0,16075
1517761680000,898025,903556,898005,903556,0.4471,900780,1,2,1,16075
1517761740000,903556,910200,895000,908305,2.6274,902600,1,2,0,16075
1517761800000,908303,910301,906064,910290,2.0748,908182,1,2,1,16075
1517761860000,910290,911947,907168,909995,1.0054,909557,-1,0,0,16075
1517761920000,909402,919111,909402,913037,1.7186,914256,1,0,0,16075
1517761980000,913036,919111,910089,911700,0.6299,914600,-1,0,0,16075
1517762040000,911690,919111,910888,919110,0.532,914999,1,0,1,16075
1517762100000,919111,919111,913514,913520,0.91,916312,-1,0,0,16075
1517762160000,913671,917032,913517,913618,0.3366,915274,-1,-2,0,16075
1517762220000,913516,913516,911216,911216,0.2433,912366,-1,-2,0,16075
1517762280000,911216,912999,910020,910020,0.3577,911509,-1,-2,0,16075
1517762340000,910020,912977,910019,912816,0.1166,911498,1,0,1,16075
1517762400000,912812,913000,911528,912999,0.4099,912264,0,1,1,16075
1517762460000,912281,913000,912281,913000,0.0218,912640,0,0,1,16075
1517762520000,913000,913000,911668,913000,0.1011,912334,0,0,0,16075
1517762580000,913000,913000,912366,912973,0.0407,912683,-1,-1,0,16075
1517762640000,912842,912978,912675,912978,0.2495,912826,0,-1,1,16075
1517762700000,912828,912832,912502,912675,0.2459,912667,-1,-1,0,16075
1517762760000,912503,912503,910064,910064,0.0786,911283,-1,-2,0,16075
1517762820000,910064,910609,906341,907614,0.2155,908475,-1,-2,0,16075
1517762880000,907614,908156,904439,906211,0.5986,906297,-1,-2,0,16075
1517762940000,905346,907900,904467,906293,0.3233,906183,0,-1,0,16075
1517763000000,906382,908000,906382,908000,0.7397,907191,1,1,1,16075
1517763060000,908000,909671,908000,908828,0.2206,908835,0,1,0,16075
1517763120000,909005,909005,905420,905420,0.3063,907212,-1,-1,0,16075
1517763180000,904770,905398,904360,904360,0.0356,904879,-1,-2,0,16075
1517763240000,905665,907128,904397,905684,0.0267,905762,0,-1,0,16075
1517763300000,906328,906974,905683,905683,0.0767,906328,-1,-1,0,16075
1517763360000,906293,906293,905689,905989,0.1422,905991,-1,-2,0,16075
1517763420000,905989,906000,905717,906000,0.4523,905858,0,-1,1,16075
1517763480000,906000,917400,905955,910073,5.7962,911677,1,1,0,16075
1517763540000,910073,917400,910073,914000,0.1127,913736,1,2,0,16075
1517763600000,912714,914000,911742,913433,0.1795,912871,0,1,0,16075
1517763660000,913544,916036,912934,913157,0.2719,914485,-1,-1,0,16075
1517763720000,912932,917266,912927,917266,0.0826,915096,1,0,1,16075
1517763780000,916479,917400,916479,917400,0.4894,916939,0,1,1,16075
1517763840000,917400,920000,916944,919321,0.4317,918472,1,1,0,16075
1517763900000,920000,920000,918998,919008,0.8122,919499,-1,0,0,16075
1517763960000,919008,919989,918999,919492,0.1932,919494,0,-1,0,16075
1517764020000,919502,919995,919492,919495,0.0601,919743,-1,-1,0,16075
1517764080000,919974,920000,919514,919551,0.1433,919757,-1,-2,0,16075
1517764140000,919556,920000,919514,919999,0.0954,919757,0,-1,1,16075
1517764200000,919994,925000,919994,922531,0.7308,922497,1,1,0,16075
1517764260000,924993,925998,920000,920000,0.9994,922999,-1,0,0,16075
1517764320000,920001,920117,920000,920110,1.1089,920058,0,-1,1,16075
1517764380000,920000,922136,920000,920112,0.3227,921068,0,0,0,16075
1517764440000,922098,924394,922089,922510,0.1579,923241,0,0,0,16075
1517764500000,922512,926963,922510,922648,0.2657,924736,0,0,0,16075
1517764560000,922658,926953,922108,926860,0.2382,924530,1,1,1,16075
1517764620000,922108,926843,920103,921289,0.3436,923473,-1,0,0,16075
1517764680000,920103,921288,920100,921283,0.1764,920694,1,0,1,16075
1517764740000,921262,921272,920135,920135,0.1242,920703,-1,0,0,16075
1517764800000,921229,921229,920101,921219,0.057,920665,-1,-2,0,16075
1517764860000,920100,921203,920000,920000,1.4575,920601,-1,-2,0,16075
1517764920000,920000,921161,916546,921109,1.2532,918853,1,0,1,16075
1517764980000,921108,921108,916997,920911,0.2134,919052,-1,0,0,16075
1517765040000,919909,920909,917753,917753,0.1714,919331,-1,-2,0,16075
1517765100000,920823,920824,917772,920756,0.0887,919298,-1,-2,0,16075
1517765160000,918033,918033,918000,918025,0.821,918016,-1,-2,0,16075
1517765220000,918026,918026,918000,918000,0.6864,918013,-1,-2,0,16075
1517765280000,918000,918001,914542,917962,0.3337,916271,-1,-2,0,16075
1517765340000,917953,917989,917953,917989,0.3072,917971,0,-1,1,16075
1517765400000,917989,917989,912902,917434,0.3613,915445,-1,-1,0,16075
1517765460000,915263,915263,911282,911292,0.177,913272,-1,-2,0,16075
1517765520000,914445,914446,909039,910873,0.3003,911742,-1,-2,0,16075
1517765580000,912551,914209,910926,912468,0.0387,912567,-1,-2,0,16075
1517765640000,911782,913600,911782,913600,0.4875,912691,1,0,1,16075
1517765700000,913600,913600,911791,913594,0.393,912695,-1,0,0,16075
1517765760000,913594,914230,913594,914220,0.3444,913912,0,-1,1,16075
1517765820000,913822,915594,913822,915594,0.0261,914708,1,1,1,16075
1517765880000,915036,915604,915036,915604,0.0105,915320,0,1,1,16075
1517765940000,916127,917944,915604,916171,0.3061,916774,0,0,0,16075
1517766000000,917066,917066,916172,916172,0.1521,916619,-1,-1,0,16075
1517766060000,917025,917025,913888,914172,0.279,915456,-1,-2,0,16075
1517766120000,914143,914183,914143,914183,0.0331,914163,0,-1,1,16075
1517766180000,915200,915687,914999,915687,0.0689,915343,0,0,1,16075
1517766240000,915786,917385,915776,916777,0.0361,916580,0,0,0,16075
1517766300000,918002,919663,918002,918122,0.13,918832,0,0,0,16075
1517766360000,918167,918167,918010,918010,0.0574,918088,-1,-1,0,16075
1517766420000,918001,918210,918001,918196,0.34,918105,0,-1,1,16075
1517766480000,918100,918225,918100,918225,0.1578,918162,0,0,1,16075
1517766540000,918225,918225,916976,917359,0.7488,917600,-1,-1,0,16075
1517766600000,916976,917995,916707,916707,0.048,917351,-1,-2,0,16075
1517766660000,916707,916707,913908,913909,0.3218,915307,-1,-2,0,16075
1517766720000,913904,917315,911430,913843,0.3231,914372,-1,-2,0,16075
1517766780000,911807,913816,911807,912299,0.0362,912811,0,-1,0,16075
1517766840000,911840,912425,911840,912425,0.0315,912132,0,0,1,16075
1517766900000,912496,912496,912496,912496,0.0072,912496,0,0,0,16075
1517766960000,912500,914603,912322,912322,0.0887,913462,-1,-1,0,16075
1517767020000,912322,912322,912322,912322,0.0,912322,0,-1,0,16075
1517767080000,912644,912644,912523,912523,0.2006,912583,-1,-1,0,16075
1517767140000,912526,914687,912523,914681,0.2323,913605,1,0,1,16075
1517767200000,914681,916857,914558,916857,0.2159,915707,1,2,1,16075
1517767260000,917420,921056,917420,919271,0.2219,919238,1,2,0,16075
1517767320000,921274,921295,919196,921094,0.1906,920245,-1,0,0,19929
1517767380000,921295,922933,917893,921095,0.2171,920413,-1,-2,0,19929
1517767440000,921096,921096,918545,918545,0.0686,919820,-1,-2,0,19929
1517767500000,918546,920893,918001,918200,0.2547,919447,-1,-2,0,19929
1517767560000,918209,920705,918209,920662,0.1141,919457,1,0,1,19929
1517767620000,920619,920851,920619,920849,0.082,920735,0,1,1,19929
1517767680000,920849,921095,920848,920944,0.0697,920971,0,0,0,19929
1517767740000,920944,920944,920595,920595,0.0994,920769,-1,-1,0,19929
1517767800000,920586,920588,918318,918323,0.0668,919453,-1,-2,0,19929
1517767860000,920533,920533,918220,920451,0.2822,919376,-1,-2,0,19929
1517767920000,918233,920416,918233,920399,0.0316,919324,1,0,1,19929
1517767980000,920344,920576,920325,920576,0.1877,920450,0,1,1,19929
1517768040000,920354,920571,920344,920381,0.0572,920457,0,0,0,19929
1517768100000,920382,920858,920382,920858,0.1463,920620,0,0,1,19929
1517768160000,920933,920934,920928,920934,0.1035,920931,0,0,1,19929
1517768220000,921095,921130,921095,921130,0.0604,921112,0,0,1,19929
1517768280000,920928,925000,920604,920604,0.6927,922802,-1,-1,0,19929
1517768340000,920605,922912,920604,922912,0.2375,921758,1,0,1,19929
1517768400000,922918,922919,920325,922877,0.5609,921622,-1,0,0,19929
1517768460000,920458,922906,920458,922906,0.2376,921682,1,0,1,19929
1517768520000,920653,920653,920325,920325,0.0875,920489,-1,0,0,19929
1517768580000,918032,918032,916039,916039,0.0584,917035,-1,-2,0,19929
1517768640000,916049,916050,914611,914611,0.437,915330,-1,-2,0,19929
1517768700000,914611,916001,912299,913729,0.1503,914150,-1,-2,0,19929
1517768760000,912391,914584,912343,914584,0.0464,913463,1,0,1,19929
1517768820000,913860,913860,913860,913860,0.01,913860,0,1,0,19929
1517768880000,913860,914356,912500,912510,0.0866,913428,-1,-1,0,19929
1517768940000,912926,912926,909644,909644,0.3545,911285,-1,-2,0,19929
1517769000000,909642,910371,904029,905653,1.313,907200,-1,-2,0,19929
1517769060000,905653,909317,904365,908796,0.766,906841,1,0,1,19929
1517769120000,905573,908805,905553,905557,0.2213,907179,-1,0,0,19929
1517769180000,904029,904034,904029,904034,0.0216,904031,0,-1,1,19929
1517769240000,904035,905430,904029,904029,0.069,904729,-1,-1,0,19929
1517769300000,904029,904029,900545,903294,0.3168,902287,-1,-2,0,19929
1517769360000,903935,905499,903792,905499,0.4925,904645,1,0,1,19929
1517769420000,905490,905500,903238,903238,0.3216,904369,-1,0,0,19929
1517769480000,903227,905352,903227,903239,0.3419,904289,0,-1,0,19929
1517769540000,903906,905500,903265,905499,0.3898,904382,1,1,1,19929
1517769600000,905500,905500,903971,905500,0.2632,904735,0,1,0,19929
1517769660000,905500,906866,905500,906866,0.6953,906183,1,1,1,19929
1517769720000,906866,908680,905615,905633,0.2518,907147,-1,0,0,19929
1517769780000,905643,905643,903357,905417,0.3756,904500,-1,-2,0,19929
1517769840000,905591,907614,905472,907598,0.2726,906543,1,0,1,19929
1517769900000,907576,907581,905606,905606,0.1446,906593,-1,0,0,19929
1517769960000,905606,905606,903401,905388,0.1717,904503,-1,-2,0,19929
1517770020000,903832,905399,903831,905398,0.0377,904615,1,0,1,19929
1517770080000,903907,903907,903873,903900,0.1992,903890,-1,0,0,19929
1517770140000,903890,904000,903890,903999,0.2344,903945,0,-1,1,19929
1517770200000,903709,903709,901900,901900,0.0671,902804,-1,-1,0,19929
1517770260000,901901,903886,901900,903886,0.1142,902893,1,0,1,19929
1517770320000,902010,902010,901980,901980,0.0455,901995,-1,0,0,19929
1517770380000,901910,903600,900001,901967,1.5175,901800,0,-1,0,19929
1517770440000,901967,901997,900173,900173,0.1416,901085,-1,-1,0,19929
1517770500000,901961,903600,901961,902785,0.398,902780,0,-1,0,19929
1517770560000,903600,905400,902862,905268,0.7438,904131,1,1,1,19929
1517770620000,905268,905268,905263,905263,0.0144,905265,-1,0,0,19929
1517770680000,903215,903216,903166,903166,0.081,903191,-1,-2,0,19929
1517770740000,903197,905297,903166,905297,0.2216,904231,1,0,1,19929
1517770800000,905292,905623,903166,903178,0.8662,904394,-1,0,0,19929
1517770860000,905416,905416,903213,903213,0.0622,904314,-1,-2,0,19929
1517770920000,905495,905495,900956,900956,0.2545,903225,-1,-2,0,19929
1517770980000,900956,900956,900001,900158,0.215,900478,-1,-2,0,19929
1517771040000,900001,902664,895004,898397,1.4141,898834,-1,-2,0,19929
1517771100000,902777,902777,895004,901205,0.65,898890,-1,-2,0,19929
1517771160000,901217,903209,895418,901450,0.3604,899313,0,-1,0,19929
1517771220000,901011,903250,898514,899639,0.4982,900882,-1,-1,0,19929
1517771280000,900955,901000,897071,900798,0.192,899035,-1,-2,0,19929
1517771340000,897274,897770,897274,897770,0.1679,897522,0,-1,1,19929
1517771400000,897769,902320,897769,898070,0.8074,900044,0,0,0,19929
1517771460000,898071,901719,898068,898305,0.6482,899893,0,0,0,19929
1517771520000,901308,902961,898309,902961,0.6676,900635,1,1,1,19929
1517771580000,898578,902960,897813,897820,0.5836,900386,-1,0,0,19929
1517771640000,899509,899509,897820,897821,0.0582,898664,-1,-2,0,19929
1517771700000,897820,897820,895056,897718,0.4504,896438,-1,-2,0,19929
1517771760000,897565,897565,895326,895326,0.0261,896445,-1,-2,0,19929
1517771820000,897550,897718,897550,897718,0.0436,897634,0,-1,1,19929
1517771880000,897646,897656,895786,895786,0.4124,896721,-1,-1,0,19929
1517771940000,895786,895786,893156,894298,0.9698,894471,-1,-2,0,19929
1517772000000,895568,895568,892922,893158,0.5784,894245,-1,-2,0,19929
1517772060000,893157,893157,893040,893150,0.1589,893098,-1,-2,0,19929
1517772120000,893150,895767,892988,893278,0.86,894377,0,-1,0,19929
1517772180000,893420,894287,892988,892988,0.055,893637,-1,-1,0,19929
1517772240000,894186,894499,894186,894499,0.0244,894342,0,-1,1,19929
1517772300000,894499,894499,894070,894070,0.0395,894284,-1,-1,0,19929
1517772360000,894070,894070,892922,892922,0.0512,893496,-1,-2,0,19929
1517772420000,892922,892922,891334,892699,0.3271,892128,-1,-2,0,19929
1517772480000,891384,891500,891234,891500,0.1116,891367,0,-1,1,19929
1517772540000,891490,891490,891000,891000,1.2036,891245,-1,-1,0,19929
1517772600000,890998,891144,890000,891031,0.6809,890572,0,-1,0,19929
1517772660000,891144,895080,891144,895080,0.561,893112,1,1,1,19929
1517772720000,895750,897661,895750,896276,0.2016,896705,0,1,0,19929
1517772780000,896276,899957,896241,899957,0.3839,898099,1,1,1,19929
1517772840000,899957,900010,897765,897789,0.5754,898887,-1,0,0,19929
1517772900000,899881,903577,897807,902261,0.8133,900692,1,0,0,19929
1517772960000,900024,902246,897896,900028,0.5807,900071,0,1,0,19929
1517773020000,900001,900015,900000,900000,0.4454,900007,-1,-1,0,19929
1517773080000,900011,900016,898131,898131,0.6081,899073,-1,-2,0,19929
1517773140000,899571,899571,899571,899571,0.005,899571,0,-1,0,19929
1517773200000,899432,901947,897896,897912,1.489,899921,-1,-1,0,19929
1517773260000,897922,901947,897918,898044,0.4241,899932,0,-1,0,19929
1517773320000,898085,900118,898074,900114,0.0359,899096,1,1,1,19929
1517773380000,900139,902197,900139,902197,0.1271,901168,1,2,1,19929
1517773440000,902208,902208,901165,901165,0.127,901686,-1,0,0,19929
1517773500000,901752,901922,901752,901916,0.1698,901837,0,-1,1,19929
1517773560000,901173,901173,900150,901072,0.1657,900661,-1,-1,0,18894
1517773620000,901072,901277,900140,900140,0.2017,900708,-1,-2,0,18894
1517773680000,900140,901200,900139,901200,1.148,900669,1,0,1,18894
1517773740000,901276,901297,901276,901297,0.035,901286,0,1,1,18894
1517773800000,901897,903464,901200,903464,0.5049,902332,1,1,1,18894
1517773860000,903414,903418,900141,900141,0.427,901779,-1,0,0,18894
1517773920000,900806,900806,897246,897869,0.1864,899026,-1,-2,0,18894
1517773980000,897867,897867,896782,896787,0.0538,897324,-1,-2,0,18894
1517774040000,897895,898558,897895,898558,0.0491,898226,0,-1,1,18894
1517774100000,898552,898552,896128,896128,0.5665,897340,-1,-1,0,18894
1517774160000,896199,897900,895713,895789,0.6411,896806,-1,-2,0,18894
1517774220000,895789,895789,895714,895714,0.2471,895751,-1,-2,0,18894
1517774280000,895500,895626,895001,895622,0.0854,895313,0,-1,1,18894
1517774340000,895500,895738,895004,895659,0.1464,895371,0,0,0,18894
1517774400000,895649,897916,895207,895209,0.6024,896561,-1,-1,0,18894
1517774460000,895222,895723,895208,895208,0.2396,895465,-1,-2,0,18894
1517774520000,895208,895208,890041,890063,0.6977,892624,-1,-2,0,18894
1517774580000,890198,890297,880050,886417,3.9533,885173,-1,-2,0,18894
1517774640000,886417,886823,881000,881000,1.9397,883911,-1,-2,0,18894
1517774700000,881000,881000,878000,879999,4.082,879500,-1,-2,0,18894
1517774760000,878005,880000,873000,879946,0.6158,876500,1,0,1,18894
1517774820000,879299,879790,875459,875459,1.0313,877624,-1,0,0,18894
1517774880000,876362,876402,875142,875997,0.4887,875772,-1,-2,0,18894
1517774940000,875929,878030,875142,875872,0.6823,876586,-1,-2,0,18894
1517775000000,877668,879862,875523,877685,0.4318,877692,0,-1,0,18894
1517775060000,878533,879739,877692,879739,0.2587,878715,1,1,1,18894
1517775120000,879739,883723,879739,883723,0.6184,881731,1,2,1,18894
1517775180000,883728,886158,875952,884768,1.3649,881055,1,2,0,18894
1517775240000,884768,887931,883951,883951,1.1211,885941,-1,0,0,19934
1517775300000,883949,883949,877775,881062,0.5503,880862,-1,-2,0,19934
1517775360000,881060,881076,878864,881076,0.4794,879970,0,-1,1,19934
1517775420000,881076,883004,880805,883004,0.2458,881904,1,1,1,19934
1517775480000,883105,885000,881116,881356,0.35,883058,-1,0,0,19934
1517775540000,881378,883938,879158,882443,0.4601,881548,1,0,0,19934
1517775600000,879197,883356,875484,875684,0.8831,879420,-1,0,0,19934
1517775660000,875680,879902,875654,879552,0.4593,877778,1,0,1,19934
1517775720000,879387,883764,879285,879286,0.4391,881524,-1,0,0,19934
1517775780000,879296,883533,879290,879314,0.1904,881411,0,-1,0,19934
1517775840000,879302,882816,875983,876022,0.2322,879399,-1,-1,0,19934
1517775900000,876023,882499,876023,882107,0.3568,879261,1,0,1,19934
1517775960000,879748,882059,879716,879833,0.0656,880887,0,1,0,19934
1517776020000,879833,883033,879763,882654,0.5779,881398,1,1,1,19934
1517776080000,882654,883973,882654,883968,0.3721,883313,1,2,1,19934
1517776140000,883784,883789,878200,878200,0.6656,880994,-1,0,0,19934
1517776200000,878199,878574,875438,875870,0.8299,877006,-1,-2,0,14349
1517776260000,876001,878516,875437,875437,1.0583,876976,-1,-2,0,14349
1517776320000,875438,878047,866550,872000,0.8942,872298,-1,-2,0,14349
1517776380000,872043,874959,866549,870444,0.4587,870754,-1,-2,0,14349
1517776440000,870451,870461,870387,870387,0.8009,870424,-1,-2,0,14349
1517776500000,870387,870393,870385,870387,1.1834,870389,0,-1,0,14349
1517776560000,870387,872180,870000,872180,0.9312,871090,1,1,1,14349
1517776620000,872180,874941,872161,874941,0.1148,873551,1,2,1,14349
1517776680000,872652,874797,872652,872716,0.0977,873724,0,1,0,14349
1517776740000,872716,874698,872519,874674,0.1358,873608,1,1,1,14413
1517776800000,874628,876574,874214,876574,0.2147,875394,1,2,1,14413
1517776860000,876574,881576,876574,879820,0.4002,879075,1,2,0,14413
1517776920000,879845,880435,877681,880435,0.2205,879058,0,1,1,14413
1517776980000,880424,880435,880288,880288,0.0996,880361,-1,-1,0,14413
1517777040000,880276,880276,878001,878008,0.2987,879138,-1,-2,0,14413
1517777100000,879268,879269,878008,879264,0.1146,878638,-1,-2,0,14413
1517777160000,879263,883682,877102,878906,1.1553,880392,-1,-2,0,14413
1517777220000,878905,883664,862474,872468,5.5636,873069,-1,-2,0,14413
1517777280000,873255,876517,873250,876449,2.1127,874883,1,0,1,14413
1517777340000,876448,876448,873283,873288,0.2136,874865,-1,0,0,14413
1517777400000,873293,875443,873260,875443,0.5133,874351,1,0,1,14413
1517777460000,875443,883158,873308,877869,0.4912,878233,1,2,0,14413
1517777520000,877871,879402,868803,877697,0.2003,874102,-1,0,0,14413
1517777580000,877697,879131,874373,878871,0.1709,876752,1,0,0,14413
1517777640000,878871,878891,874700,878644,0.0898,876795,-1,0,0,14413
1517777700000,875199,881810,875199,881642,0.2528,878504,1,0,1,14413
1517777760000,881642,888005,875972,879007,0.5854,881988,-1,0,0,14413
1517777820000,888005,888658,882208,882609,0.4719,885433,-1,-2,0,14413
1517777880000,888657,895220,882910,895219,1.3049,889065,1,0,1,14413
1517777940000,883256,895230,883256,893460,0.6922,889243,0,1,1,14413
1517778000000,893460,894198,886695,893992,0.7862,890446,0,0,0,14413
1517778060000,886894,895008,886887,891804,1.4742,890947,1,1,0,14413
1517778120000,891799,893055,886387,886407,0.5374,889721,-1,0,0,14413
1517778180000,891785,891787,881808,882200,1.0707,886797,-1,-2,0,14413
1517778240000,888420,888420,877516,882063,0.2726,882968,-1,-2,0,14413
1517778300000,882063,889795,881061,887991,0.5424,885428,1,0,0,14413
1517778360000,881446,887989,881446,881478,0.9346,884717,0,1,0,14413
1517778420000,881471,881483,879309,881483,0.4226,880396,0,0,1,14413
1517778480000,881483,881483,879354,881482,0.1947,880418,-1,-1,0,14413
1517778540000,880725,881513,879689,879694,0.142,880601,-1,-2,0,14413
1517778600000,879694,886187,879687,886187,0.1807,882937,1,0,1,14413
1517778660000,886187,891052,881029,882012,0.1528,886040,-1,0,0,14413
1517778720000,891000,892338,882042,882970,1.378,887190,-1,-2,0,14413
1517778780000,885000,890927,882970,890103,0.3033,886948,1,0,1,14413
1517778840000,890103,891000,887421,887421,0.3812,889210,-1,0,0,14413
1517778900000,888776,892293,888776,892293,0.2175,890534,1,0,1,14413
1517778960000,891059,893271,891055,893271,0.2139,892163,1,2,1,14413
1517779020000,893276,895210,891168,891364,0.1908,893189,-1,0,0,14413
1517779080000,891110,893396,891049,893396,0.1301,892222,1,0,1,12247
1517779140000,894306,896828,894306,896828,0.3266,895567,1,2,1,12247
1517779200000,894459,897938,894459,895000,0.632,896198,0,1,0,12247
1517779260000,897347,897347,895134,895134,0.1576,896240,-1,-1,0,15135
1517779320000,897220,897220,894328,896993,0.5816,895774,-1,-2,0,15135
1517779380000,896976,897000,894503,896600,0.4019,895751,-1,-2,0,15135
1517779440000,895600,897000,895600,897000,0.4955,896300,1,0,1,15135
1517779500000,897000,897000,896397,896397,1.2439,896698,-1,0,0,15135
1517779560000,897000,897000,894785,896947,0.5148,895892,-1,-2,0,15135
1517779620000,896952,897700,894792,897700,0.2912,896246,0,-1,1,15135
1517779680000,897699,900141,897698,900141,0.2424,898919,1,1,1,15135
1517779740000,899960,901307,899960,901239,0.3117,900633,1,2,1,15135
1517779800000,901240,901929,899960,899960,0.1645,900944,-1,0,0,15135
1517779860000,899959,900000,898985,899990,0.9571,899492,0,-1,0,13854
1517779920000,899990,899990,897000,897000,0.3167,898495,-1,-1,0,13854
1517779980000,896970,897774,895864,897774,0.2469,896819,0,-1,1,13854
1517780040000,897774,897774,896264,896993,1.269,897019,-1,-1,0,13854
1517780100000,896994,897000,896985,897000,0.3467,896992,0,-1,1,13854
1517780160000,896996,897000,896985,896985,0.3048,896992,-1,-1,0,13854
1517780220000,896985,896995,896002,896016,0.3482,896498,-1,-2,0,13854
1517780280000,897000,897000,896001,896001,0.3174,896500,-1,-2,0,13854
1517780340000,896001,896008,896001,896006,0.5666,896004,0,-1,0,13854
1517780400000,896006,896034,896000,896008,1.7458,896017,0,0,0,13854
1517780460000,896030,896037,896000,896006,0.1601,896018,-1,-1,0,13854
1517780520000,896002,896196,896000,896003,0.1072,896098,0,-1,0,13854
1517780580000,896011,897773,896001,896001,0.0461,896887,-1,-1,0,13854
1517780640000,896005,896012,896000,896001,0.0672,896006,-1,-2,0,13854
1517780700000,896000,896751,896000,896010,0.2999,896375,0,-1,0,13854
1517780760000,896015,896015,895886,895886,0.0579,895950,-1,-1,0,13854
1517780820000,895886,895994,895886,895896,0.05,895940,0,-1,0,13854
1517780880000,895901,895999,891979,894999,0.3357,893989,-1,-1,0,13854
1517780940000,895000,895000,894867,894867,0.1438,894933,-1,-2,0,13854
1517781000000,894749,894749,894749,894749,0.0072,894749,0,-1,0,13854
1517781060000,894749,894749,894749,894749,0.0,894749,0,0,0,13854
1517781120000,894348,894349,892052,892052,0.0316,893200,-1,-1,0,13854
1517781180000,892052,894187,882000,888875,0.2815,888093,-1,-2,0,13854
1517781240000,882000,890645,882000,887354,0.2724,886322,1,0,0,13854
1517781300000,887361,887362,885213,885213,0.4034,886287,-1,0,0,13854
1517781360000,885232,885232,882533,882551,0.3233,883882,-1,-2,0,13854
1517781420000,885190,885190,882532,882553,0.3972,883861,-1,-2,0,13854
1517781480000,882542,882652,882532,882538,0.064,882592,-1,-2,0,13854
1517781540000,882545,882545,882503,882503,0.1619,882524,-1,-2,0,13854
1517781600000,882520,882520,882503,882503,0.0755,882511,-1,-2,0,13854
1517781660000,882503,882503,879982,879982,0.1743,881242,-1,-2,0,13854
1517781720000,877517,879958,877443,877443,0.1058,878700,-1,-2,0,13854
1517781780000,877443,879800,877443,879794,0.4656,878621,1,0,1,13854
1517781840000,877443,879794,875011,879700,0.9708,877402,1,2,1,13854
1517781900000,879699,881256,879014,879042,1.2536,880135,-1,0,0,13854
1517781960000,879046,880260,879001,879995,0.8289,879630,0,-1,0,13201
1517782020000,879995,884401,879995,884401,2.6098,882198,1,1,1,13201
1517782080000,884401,886593,880199,882950,0.6884,883396,-1,0,0,13201
1517782140000,882599,882897,882599,882897,0.142,882748,0,-1,1,13201
1517782200000,882897,887382,882897,884422,1.5472,885139,1,1,0,13201
1517782260000,884446,887427,884446,885578,1.2033,885936,1,2,0,13201
1517782320000,885844,887428,885500,885989,0.7701,886464,0,1,0,13201
1517782380000,885217,887427,884876,887300,0.5141,886151,1,1,1,13201
1517782440000,887030,887299,886864,886871,0.113,887081,-1,0,0,13201
1517782500000,887200,889877,887200,887460,0.645,888538,0,-1,0,13201
1517782560000,887445,889999,885665,889923,1.5766,887832,1,1,1,13201
1517782620000,889924,889924,885504,889923,0.3219,887714,-1,0,0,13201
1517782680000,889053,889922,889053,889922,0.1461,889487,0,-1,1,13201
1517782740000,889923,889999,887475,889769,0.1801,888737,-1,-1,0,13201
1517782800000,889744,891887,889671,889822,0.6719,890779,0,-1,0,13201
1517782860000,887811,894000,887811,893950,0.5996,890905,1,1,1,13201
1517782920000,894000,897600,893940,897600,1.8849,895770,1,2,1,13201
1517782980000,897600,902022,895356,902022,0.5077,898689,1,2,1,13201
1517783040000,900031,911347,898998,900086,0.6879,905172,0,1,0,15632
1517783100000,903400,907019,903400,907019,0.1841,905209,1,1,1,15632
1517783160000,900729,906797,900721,906797,0.315,903759,1,2,1,15632
1517783220000,906764,906764,900304,901977,0.3436,903534,-1,0,0,15632
1517783280000,901962,902601,897658,901951,1.6488,900129,-1,-2,0,15632
1517783340000,901951,904215,901951,903095,0.7616,903083,1,0,0,15632
1517783400000,906578,906764,903335,906764,0.9323,905049,0,1,1,15632
1517783460000,906764,910198,906764,910198,1.0296,908481,1,1,1,15632
1517783520000,911200,914500,911200,912224,0.3701,912850,1,2,0,15632
1517783580000,914477,914500,912289,914478,0.6087,913394,0,1,0,15632
1517783640000,914483,917715,912263,912263,1.8488,914989,-1,-1,0,15632
1517783700000,912256,914510,912224,912247,1.0928,913367,-1,-2,0,15632
1517783760000,912247,916328,912247,916039,0.4855,914287,1,0,1,15632
1517783820000,916038,917975,915001,915175,0.2202,916488,-1,0,0,15632
1517783880000,915175,915177,915000,915000,0.8987,915088,-1,-2,0,15632
1517783940000,915000,915175,912910,912910,0.5062,914042,-1,-2,0,15632
1517784000000,912890,912910,912224,912224,0.3914,912567,-1,-2,0,15632
1517784060000,912224,912408,908318,908510,0.4251,910363,-1,-2,0,15632
1517784120000,908511,911975,904999,908318,0.1374,908487,-1,-2,0,15632
1517784180000,908385,911523,908338,911470,0.4419,909930,1,0,1,15632
1517784240000,911317,911367,911204,911367,0.2752,911285,0,1,1,15632
1517784300000,908947,911367,908947,909121,0.0491,910157,0,0,0,15632
1517784360000,909115,909120,908318,908318,0.1429,908719,-1,-1,0,15632
1517784420000,908967,908967,908318,908324,0.0086,908642,-1,-2,0,15632
1517784480000,908324,908324,908324,908324,0.0,908324,0,-1,0,15632
1517784540000,908325,908325,906303,906303,0.7094,907314,-1,-1,0,15632
1517784600000,906254,906258,906254,906258,0.03,906256,0,-1,1,15632
1517784660000,906236,906236,904182,904977,0.5697,905209,-1,-1,0,15632
1517784720000,904990,907190,904990,907190,0.0798,906090,1,0,1,15632
1517784780000,907192,907244,907170,907170,0.2128,907207,-1,0,0,15632
1517784840000,908973,910000,907458,907458,0.2538,908729,-1,-2,0,15632
1517784900000,910000,910020,908921,908921,0.4002,909470,-1,-2,0,15632
1517784960000,908920,909872,908920,909000,0.504,909396,0,-1,0,15632
1517785020000,909042,911271,909041,909050,0.095,910156,0,0,0,15632
1517785080000,911367,911999,911366,911995,0.3189,911682,0,0,1,15632
1517785140000,911995,914197,911900,914197,0.6976,913048,1,1,1,15632
1517785200000,912917,920000,912917,916500,1.1051,916458,1,2,0,15632
1517785260000,916500,916505,916500,916500,0.2905,916502,0,1,0,15632
1517785320000,916507,916511,916500,916501,0.15,916505,-1,-1,0,15632
1517785380000,916502,916502,916500,916500,0.2905,916501,-1,-2,0,15632
1517785440000,916500,916500,914584,915735,0.1765,915542,-1,-2,0,15632
1517785500000,914726,914726,913466,913466,0.1823,914096,-1,-2,0,15632
1517785560000,913466,913472,913183,913183,0.1775,913327,-1,-2,0,15632
1517785620000,913183,913183,907212,907212,0.2255,910197,-1,-2,0,15632
1517785680000,911360,913064,911360,912552,0.0154,912212,1,0,0,15632
1517785740000,912552,912552,912552,912552,0.0,912552,0,1,0,15632
1517785800000,911826,911826,908477,908520,0.1508,910151,-1,-1,0,15632
1517785860000,908521,911793,908285,908522,0.6873,910039,0,-1,0,15632
1517785920000,908544,908544,908544,908544,0.01,908544,0,0,0,15632
1517785980000,908566,910445,908566,908578,0.1029,909505,0,0,0,15632
1517786040000,908578,910434,908485,908579,0.3148,909459,0,0,0,15632
1517786100000,908579,908579,908579,908579,0.0,908579,0,0,0,15632
1517786160000,908594,908594,908578,908578,0.03,908586,-1,-1,0,15632
1517786220000,909005,909005,908578,908583,0.0683,908791,-1,-2,0,15632
1517786280000,908578,908840,905000,905000,0.4904,906920,-1,-2,0,15632
1517786340000,904990,907143,904980,904995,0.441,906061,0,-1,0,15632
1517786400000,905000,905307,900969,904963,0.7436,903138,-1,-1,0,15632
1517786460000,904946,904947,902491,902491,0.4178,903719,-1,-2,0,15632
1517786520000,904558,904558,900726,900755,0.1067,902642,-1,-2,0,15632
1517786580000,904161,904161,903986,903986,0.0176,904073,-1,-2,0,15632
1517786640000,903986,903986,901435,903759,0.1372,902710,-1,-2,0,15632
1517786700000,903677,903677,901564,903000,0.2481,902620,-1,-2,0,15632
1517786760000,902990,903676,902990,903676,0.023,903333,0,-1,1,15632
1517786820000,903676,903677,901745,903677,0.1284,902711,0,0,1,15632
1517786880000,903677,904160,903677,904160,1.3216,903918,0,0,1,15632
1517786940000,904160,906054,904160,906054,0.439,905107,1,1,1,15632
1517787000000,906054,909793,905795,909793,0.2657,907794,1,2,1,15632
1517787060000,907445,909668,907445,907445,0.1056,908556,0,1,0,15632
1517787120000,907144,907144,907112,907112,0.017,907128,-1,-1,0,15632
1517787180000,907068,907144,905718,905718,0.03,906431,-1,-2,0,15632
1517787240000,905718,907446,905718,907446,0.1592,906582,1,0,1,13905
1517787300000,907436,909793,907436,909688,0.3428,908614,1,2,1,13905
1517787360000,909657,909657,907539,907539,0.075,908598,-1,0,0,13905
1517787420000,907539,907539,905708,907523,0.201,906623,-1,-2,0,11787
1517787480000,907523,907523,907523,907523,0.0,907523,0,-1,0,11787
1517787540000,905828,905828,903858,903858,0.1235,904843,-1,-1,0,11787
1517787600000,904000,904186,903680,903687,0.0728,903933,-1,-2,0,11787
1517787660000,903680,904083,903680,904058,0.0518,903881,0,-1,1,11787
1517787720000,904047,904078,904047,904078,0.0202,904062,0,0,1,11787
1517787780000,904202,904202,904202,904202,0.01,904202,0,0,0,11787
1517787840000,904202,904202,904202,904202,0.0,904202,0,0,0,11787
1517787900000,906094,906094,906080,906080,0.011,906087,-1,-1,0,11787
1517787960000,904515,906074,904515,906068,0.0237,905294,1,0,1,11787
1517788020000,906068,906068,906068,906068,0.0,906068,0,1,0,11787
1517788080000,904603,904603,903680,903680,0.07,904141,-1,-1,0,11787
1517788140000,903680,904912,900001,900004,0.3173,902456,-1,-2,0,11787
1517788200000,900006,903938,900001,900002,1.6338,901969,-1,-2,0,11787
1517788260000,900133,900133,894001,899999,0.7284,897067,-1,-2,0,11787
1517788320000,900001,900062,899999,900051,0.5653,900030,0,-1,0,11787
1517788380000,900033,902150,900020,900020,0.1649,901085,-1,-1,0,11787
1517788440000,900020,901682,900000,900000,0.1288,900841,-1,-2,0,11787
1517788500000,900000,900005,897505,897505,0.1762,898755,-1,-2,0,11787
1517788560000,897727,899647,891105,893819,0.0665,895376,-1,-2,0,11787
1517788620000,898349,898349,894869,894869,0.0256,896609,-1,-2,0,11787
1517788680000,895480,895480,893820,894965,0.3294,894650,-1,-2,0,11787
1517788740000,894964,897242,887017,896144,0.1896,892129,1,0,0,11787
