Time,Start,Max,Min,End,Tot_trans,Mid,Difindex,Buyindex,Higeindex,PL
1543968000000,441154,441642,440995,441215,1.7319,441318,0,0,0,0
1543968060000,441205,441205,440382,440383,1.0422,440793,-1,0,0,0
1543968120000,440804,440804,440382,440759,0.0882,440593,-1,-2,0,0
1543968180000,440757,441003,440732,441003,0.1213,440867,0,-1,1,0
1543968240000,440842,441241,440759,440809,0.2811,441000,-1,-1,0,0
1543968300000,440813,441035,440809,441035,0.5958,440922,0,-1,1,0
1543968360000,440818,441110,440814,441110,0.9197,440962,0,0,1,0
1543968420000,440885,441632,440885,441496,1.3876,441258,0,0,0,0
1543968480000,441575,442000,441261,442000,0.2215,441630,0,0,1,0
1543968540000,441901,442700,441280,441345,3.5936,441990,-1,-1,0,0
1543968600000,441400,442001,441400,442001,0.6723,441700,0,-1,1,0
1543968660000,442001,442004,441443,441660,2.1586,441723,-1,-1,0,0
1543968720000,441652,442380,441651,442132,0.39,442015,0,-1,0,0
1543968780000,441945,442410,441795,441795,0.7745,442102,-1,-1,0,0
1543968840000,441795,442298,441795,442298,0.7603,442046,0,-1,1,0
1543968900000,441850,442696,441800,442078,0.775,442248,0,0,0,0
1543968960000,442078,442497,441987,442256,1.9548,442242,0,0,0,0
1543969020000,442256,442307,442025,442025,1.3359,442166,-1,-1,0,0
1543969080000,442026,442026,441800,441800,0.9266,441913,-1,-2,0,0
1543969140000,441801,442000,441800,441802,1.8328,441900,0,-1,0,0
1543969200000,441811,442162,441800,441800,2.1189,441981,-1,-1,0,0
1543969260000,441800,441991,441800,441800,1.2688,441895,0,-1,0,0
1543969320000,441800,442700,441531,442698,1.8716,442115,0,0,1,0
1543969380000,441912,442684,441912,441951,0.3065,442298,0,0,0,0
1543969440000,441659,441659,441443,441443,0.3136,441551,-1,-1,0,0
1543969500000,441448,441448,441091,441193,0.4998,441269,-1,-2,0,0
1543969560000,441102,441600,441102,441205,1.0071,441351,0,-1,0,0
1543969620000,441220,442100,441219,441410,1.0213,441659,0,0,0,0
1543969680000,441350,441739,441219,441739,0.6291,441479,0,0,1,0
1543969740000,441229,441793,441192,441192,2.3936,441492,-1,-1,0,0
1543969800000,441192,441240,441001,441195,2.3277,441120,0,-1,0,0
1543969860000,441029,441157,441011,441012,2.12,441084,-1,-1,0,0
1543969920000,441012,441013,441001,441002,1.7609,441007,-1,-2,0,0
1543969980000,441002,441529,441001,441010,1.0377,441265,0,-1,0,0
1543970040000,441016,441780,441016,441350,1.6616,441398,0,0,0,0
1543970100000,441350,441777,441350,441635,0.9916,441563,0,0,0,0
1543970160000,441636,441823,441490,441494,1.9199,441656,-1,-1,0,0
1543970220000,441333,441533,441333,441367,0.1156,441433,0,-1,0,0
1543970280000,441382,442000,441372,441850,1.0527,441686,0,0,0,0
1543970340000,441849,441999,441702,441999,1.4551,441850,0,0,1,0
1543970400000,441809,442164,441808,442164,0.8343,441986,0,0,1,0
1543970460000,442154,442402,442154,442220,0.4555,442278,0,0,0,0
1543970520000,442225,442225,441811,441811,0.5737,442018,-1,-1,0,0
1543970580000,441811,441811,441691,441691,0.3455,441751,-1,-2,0,0
1543970640000,441691,441783,441233,441729,0.3549,441508,0,-1,0,0
1543970700000,441729,441807,441547,441548,0.1225,441677,-1,-1,0,0
1543970760000,441709,441808,441433,441808,0.388,441620,0,-1,1,0
1543970820000,441788,442000,441788,442000,0.8405,441894,0,0,1,0
1543970880000,441999,442000,441999,441999,0.6092,441999,0,0,0,0
1543970940000,441999,442000,441999,442000,0.5879,441999,0,0,1,0
1543971000000,442000,442500,442000,442500,0.8747,442250,0,0,1,0
1543971060000,442302,442699,442302,442699,0.7312,442500,0,0,1,0
1543971120000,442629,442630,442001,442006,0.4801,442315,-1,-1,0,0
1543971180000,442021,442290,442021,442290,0.0222,442155,0,-1,1,0
1543971240000,442214,442214,442214,442214,0.021,442214,0,0,0,0
1543971300000,442214,442214,442069,442194,0.3925,442141,-1,-1,0,0
1543971360000,442194,442212,441808,441808,0.4187,442010,-1,-2,0,0
1543971420000,441808,441808,441808,441808,0.1064,441808,0,-1,0,0
1543971480000,441808,441808,441808,441808,0.4612,441808,0,0,0,0
1543971540000,441603,441614,441518,441518,0.0234,441566,-1,-1,0,0
1543971600000,441518,441518,441357,441441,0.8332,441437,-1,-2,0,0
1543971660000,441235,441271,441042,441271,1.6502,441156,0,-1,1,0
1543971720000,441271,441612,441271,441603,0.6516,441441,0,0,1,0
1543971780000,441582,441600,441565,441600,0.0371,441582,0,0,1,0
1543971840000,441600,442204,441600,442204,0.641,441902,0,0,1,0
1543971900000,442204,442204,442204,442204,0.0,442204,0,0,0,0
1543971960000,441948,442204,441948,442147,1.0691,442076,0,0,0,0
1543972020000,441814,441814,441623,441623,0.211,441718,-1,-1,0,0
1543972080000,441618,441618,441546,441546,0.0789,441582,-1,-2,0,0
1543972140000,441546,441555,441450,441450,1.1856,441502,-1,-2,0,0
1543972200000,441484,441502,441141,441502,2.5321,441321,0,-1,1,0
1543972260000,441120,441120,441000,441000,0.9549,441060,-1,-1,0,0
1543972320000,441000,441139,440809,441139,1.7164,440974,0,-1,1,0
1543972380000,440649,440882,440640,440640,1.1877,440761,-1,-1,0,0
1543972440000,440644,441140,440512,440611,5.4746,440826,-1,-2,0,0
1543972500000,440521,440598,439926,439926,5.1997,440262,-1,-2,0,0
1543972560000,439822,439826,439000,439000,4.3134,439413,-1,-2,0,0
1543972620000,439286,439292,438694,438987,3.6369,438993,-1,-2,0,0
1543972680000,438695,438953,438621,438943,4.6254,438787,0,-1,1,0
1543972740000,438943,439732,438510,439471,8.0061,439121,0,0,0,0
1543972800000,439471,439471,438372,438526,6.1914,438921,-1,-1,0,0
1543972860000,438527,438935,438117,438724,0.8546,438526,0,-1,0,0
1543972920000,438582,439925,438477,439198,3.6344,439201,0,0,0,0
1543972980000,439222,439414,439222,439269,0.5899,439318,0,0,0,0
1543973040000,439248,439248,438699,438932,3.7489,438973,-1,-1,0,0
1543973100000,439198,439208,439039,439039,0.094,439123,-1,-2,0,0
1543973160000,439058,439233,439048,439222,1.588,439140,0,-1,1,0
1543973220000,439224,439224,438040,438166,2.3827,438632,-1,-1,0,0
1543973280000,438041,438158,437513,437513,3.6856,437835,-1,-2,0,0
1543973340000,437513,438209,436885,438209,6.4792,437547,0,-1,1,0
1543973400000,438220,439001,438113,438626,5.1164,438557,0,0,0,0
1543973460000,438563,438740,438303,438303,0.6866,438521,-1,-1,0,0
1543973520000,438550,438584,437719,437719,2.0707,438151,-1,-2,0,0
1543973580000,437500,438142,437107,438142,1.1073,437624,0,-1,1,0
1543973640000,438132,439000,437955,439000,3.7851,438477,0,0,1,0
1543973700000,439050,439180,438521,439019,4.6304,438850,-1,-1,0,0
1543973760000,439170,439282,439050,439055,7.1709,439166,-1,-2,0,0
1543973820000,439055,439057,438273,438320,1.7749,438665,-1,-2,0,0
1543973880000,438321,439087,438236,439087,1.3701,438661,0,-1,1,0
1543973940000,438866,438872,438866,438872,0.0696,438869,0,0,1,0
1543974000000,438872,438876,437785,437785,1.8763,438330,-1,-1,0,0
1543974060000,437894,438537,437500,438537,1.6953,438018,0,-1,1,0
1543974120000,438181,438348,437638,438211,1.3152,437993,0,0,0,0
1543974180000,438212,439280,438201,438857,1.7583,438740,0,0,0,0
1543974240000,438699,439242,438329,439242,1.0112,438785,0,0,1,0
1543974300000,439242,439495,438679,439459,2.8934,439087,0,0,0,0
1543974360000,439500,439544,439074,439517,1.6882,439309,0,0,0,0
1543974420000,439527,439527,438844,438844,2.4167,439185,-1,-1,0,0
1543974480000,438733,438746,437868,437878,2.7793,438307,-1,-2,0,0
1543974540000,437873,438540,437872,438540,0.9464,438206,0,-1,1,0
1543974600000,438603,439381,438603,439178,1.8963,438992,0,0,0,0
1543974660000,439178,439178,438646,438646,0.34,438912,-1,-1,0,0
1543974720000,438500,438582,438168,438582,1.1435,438375,0,-1,1,0
1543974780000,438689,439579,438689,439040,1.3536,439134,0,0,0,0
1543974840000,439037,439315,438763,438763,2.629,439039,-1,-1,0,0
1543974900000,438763,439500,438716,439001,1.7261,439108,0,-1,0,0
1543974960000,439001,440000,439001,439707,4.1605,439500,0,0,0,0
1543975020000,439707,439862,439329,439508,3.2318,439595,-1,-1,0,0
1543975080000,439700,440330,439700,439957,3.3165,440015,0,-1,0,0
1543975140000,439978,439978,439597,439597,2.3766,439787,-1,-1,0,0
1543975200000,439597,439597,438777,438777,2.3325,439187,-1,-2,0,0
1543975260000,438792,438792,438197,438325,1.4964,438494,-1,-2,0,0
1543975320000,438387,438442,437509,438442,2.7586,437975,0,-1,1,0
1543975380000,438178,438178,436878,436878,4.8076,437528,-1,-1,0,0
1543975440000,436784,437637,435633,436901,5.1974,436635,0,-1,0,0
1543975500000,436907,437607,436378,437081,4.1269,436992,0,0,0,0
1543975560000,437464,437465,436500,436845,3.0752,436982,-1,-1,0,0
1543975620000,436898,438048,436898,438048,4.7827,437473,1,0,1,0
1543975680000,438102,438103,437285,437285,4.4721,437694,-1,0,0,0
1543975740000,437285,437654,436893,436903,2.7551,437273,-1,-2,0,0
1543975800000,436707,437649,436419,437199,5.6063,437034,0,-1,0,0
1543975860000,437077,437796,436418,437035,5.193,437107,-1,-1,0,0
1543975920000,437035,437671,437034,437352,3.1196,437352,0,-1,0,0
1543975980000,437257,437579,436442,436590,4.5616,437010,-1,-1,0,0
1543976040000,436494,436925,436255,436913,8.831,436590,0,-1,1,0
1543976100000,436913,437257,436669,436669,3.3803,436963,-1,-1,0,0
1543976160000,436665,437203,436246,436523,2.5957,436724,-1,-2,0,0
1543976220000,436524,436538,435326,436523,3.4682,435932,-1,-2,0,0
1543976280000,436328,437129,436044,436125,2.6665,436586,-1,-2,0,0
1543976340000,436313,436550,435989,436550,0.8289,436269,0,-1,1,0
1543976400000,436559,437000,436017,436402,2.7607,436508,-1,-1,0,0
1543976460000,436310,436310,434391,434391,3.9956,435350,-1,-2,0,0
1543976520000,434326,435110,434000,434632,6.2354,434555,0,-1,0,0
1543976580000,434627,435699,434627,434953,2.8117,435163,0,0,0,0
1543976640000,434943,435483,434735,435478,1.4685,435109,0,0,1,0
1543976700000,435479,435590,435181,435544,2.8287,435385,0,0,0,0
1543976760000,435639,435787,434827,435160,3.3276,435307,-1,-1,0,0
1543976820000,435155,435219,434315,434754,3.4053,434767,-1,-2,0,0
1543976880000,434734,435219,434734,435219,5.2042,434976,0,-1,1,0
1543976940000,435216,435618,434398,435588,4.7893,435008,0,0,1,0
1543977000000,435274,435385,434940,435228,0.8518,435162,-1,-1,0,0
1543977060000,435093,435288,433376,433386,9.3518,434332,-1,-2,0,0
1543977120000,433457,433838,433181,433594,5.2079,433509,0,-1,0,0
1543977180000,433607,433660,432565,432565,7.0327,433112,-1,-1,0,0
1543977240000,432565,432900,431861,432552,19.6668,432380,-1,-2,0,0
1543977300000,432622,433841,432397,433841,4.2323,433119,1,0,1,0
1543977360000,433831,434485,433272,434165,8.1914,433878,0,1,0,0
1543977420000,434391,434430,433944,434293,3.9312,434187,-1,-1,0,0
1543977480000,434165,434165,432738,433385,6.7134,433451,-1,-2,0,0
1543977540000,433385,434263,433385,434263,3.7791,433824,0,-1,1,0
1543977600000,434263,434565,434032,434032,1.0442,434298,-1,-1,0,0
1543977660000,434032,434580,434032,434509,3.3251,434306,0,-1,0,0
1543977720000,434509,434699,434292,434292,0.8701,434495,-1,-1,0,0
1543977780000,434346,435032,434106,434515,13.5209,434569,0,-1,0,0
1543977840000,434421,434454,434118,434133,0.9282,434286,-1,-1,0,0
1543977900000,434355,434550,433611,433611,0.7301,434080,-1,-2,0,0
1543977960000,433618,434055,433611,433639,1.629,433833,0,-1,0,0
1543978020000,433643,433815,433300,433815,2.58,433557,0,0,1,0
1543978080000,433487,434382,433366,434300,2.4462,433874,0,0,0,0
1543978140000,434367,434799,434028,434550,2.4237,434413,0,0,0,0
1543978200000,434550,434550,433740,433848,1.0499,434145,-1,-1,0,0
1543978260000,434283,434303,433902,434097,2.3272,434102,-1,-2,0,0
1543978320000,433936,434400,433790,434283,1.569,434095,0,-1,0,0
1543978380000,434230,434283,433926,434012,0.7414,434104,-1,-1,0,0
1543978440000,434012,434340,433707,434141,1.224,434023,0,-1,0,0
1543978500000,434141,435140,434141,435140,1.9617,434640,0,0,1,0
1543978560000,435210,435210,434500,434500,0.6321,434855,-1,-1,0,0
1543978620000,435012,436000,434479,435873,3.6728,435239,0,-1,0,0
1543978680000,435900,436199,435466,435482,2.6667,435832,-1,-1,0,0
1543978740000,435790,435800,435478,435611,0.8698,435639,-1,-2,0,0
1543978800000,435611,435611,435111,435476,0.9461,435361,-1,-2,0,0
1543978860000,435400,435682,435400,435410,0.5638,435541,0,-1,0,0
1543978920000,435412,436000,434371,434371,18.3546,435185,-1,-1,0,0
1543978980000,434354,434999,433901,434200,25.929,434450,-1,-2,0,0
1543979040000,434200,435111,433000,434906,28.4358,434055,0,-1,0,0
1543979100000,434644,435555,433988,434999,26.7925,434771,0,0,0,0
1543979160000,435009,435498,433950,435498,12.2095,434724,0,0,1,0
1543979220000,435500,435900,433450,434638,27.2308,434675,-1,-1,0,0
1543979280000,434640,435534,433500,434015,26.5215,434517,-1,-2,0,0
1543979340000,434113,435554,433961,434535,13.2596,434757,0,-1,0,0
1543979400000,434658,435554,434540,435148,5.6471,435047,0,0,0,0
1543979460000,435002,435074,435000,435064,2.0981,435037,0,0,0,0
1543979520000,435074,435554,435067,435554,3.5954,435310,0,0,1,0
1543979580000,435554,435900,435142,435375,2.4114,435521,-1,-1,0,0
1543979640000,435375,435681,434418,435002,3.8489,435049,-1,-2,0,0
1543979700000,435002,435216,435000,435212,0.4028,435108,0,-1,1,0
1543979760000,435178,435900,434695,434765,3.6764,435297,-1,-1,0,0
1543979820000,434708,434738,434303,434542,2.0486,434520,-1,-2,0,0
1543979880000,434673,434673,434271,434271,0.0475,434472,-1,-2,0,0
1543979940000,434586,434663,434297,434663,0.1054,434480,0,-1,1,0
1543980000000,434663,434673,434399,434673,3.9884,434536,0,0,1,0
1543980060000,434672,435357,434672,435357,2.0601,435014,0,0,1,0
1543980120000,435444,435444,434553,434844,0.5737,434998,-1,-1,0,0
1543980180000,434793,435191,434273,434278,1.6333,434732,-1,-2,0,0
1543980240000,434271,434899,433642,434054,2.4927,434270,-1,-2,0,0
1543980300000,433893,434530,433575,434530,5.5075,434052,0,-1,1,0
1543980360000,434529,435022,433669,433869,3.0695,434345,-1,-1,0,0
1543980420000,433868,434200,433581,434050,3.4946,433890,0,-1,0,0
1543980480000,434050,434200,433870,433931,1.0133,434035,-1,-1,0,0
1543980540000,433870,433903,433581,433732,0.9631,433742,-1,-2,0,0
1543980600000,433722,433741,433581,433723,3.9139,433661,0,-1,0,0
1543980660000,433704,434200,433704,434200,1.9624,433952,0,0,1,0
1543980720000,434239,434239,434025,434232,0.4554,434132,-1,-1,0,0
1543980780000,434149,435146,433985,434649,1.2313,434565,0,-1,0,0
1543980840000,434645,434800,434319,434788,2.0488,434559,0,0,1,0
1543980900000,434505,434505,434500,434500,0.0151,434502,-1,-1,0,0
1543980960000,434592,434592,434592,434592,0.0115,434592,0,-1,0,0
1543981020000,434560,434626,434560,434626,0.0646,434593,0,0,1,0
1543981080000,434619,435070,434617,435070,0.7435,434843,0,0,1,0
1543981140000,435069,435069,435069,435069,0.01,435069,0,0,0,0
1543981200000,435070,435070,435070,435070,0.3955,435070,0,0,0,0
1543981260000,435070,435070,434886,435051,0.073,434978,-1,-1,0,0
1543981320000,434766,434766,434014,434363,5.4549,434390,-1,-2,0,0
1543981380000,434300,435051,434052,434695,3.441,434551,0,-1,0,0
1543981440000,434694,435051,434420,434470,0.3412,434735,-1,-1,0,0
1543981500000,434410,434410,434212,434212,1.5471,434311,-1,-2,0,0
1543981560000,434104,434104,433539,433539,5.0645,433821,-1,-2,0,0
1543981620000,433670,433670,432413,432808,3.5267,433041,-1,-2,0,0
1543981680000,432700,433801,432646,433303,2.5078,433223,0,-1,0,0
1543981740000,433313,433800,432479,432910,7.622,433139,-1,-1,0,0
1543981800000,432940,433816,432940,433273,4.2933,433378,0,-1,0,0
1543981860000,433273,433335,432698,432962,2.2853,433016,-1,-1,0,0
1543981920000,432962,433314,432962,433284,0.4756,433138,0,-1,1,0
1543981980000,433495,433500,433284,433490,0.4991,433392,-1,-1,0,0
1543982040000,433147,433147,432900,432900,1.3624,433023,-1,-2,0,0
1543982100000,432900,433532,432768,433532,2.0274,433150,0,-1,1,0
1543982160000,433146,433532,433119,433223,1.0425,433325,0,0,0,0
1543982220000,433482,433885,433482,433885,0.14,433683,0,0,1,0
1543982280000,433711,433890,433227,433452,0.4046,433558,-1,-1,0,0
1543982340000,433463,433468,433462,433468,0.0442,433465,0,-1,1,0
1543982400000,433467,434185,432386,432808,6.6451,433285,-1,-1,0,0
1543982460000,432745,432796,432368,432368,2.0835,432582,-1,-2,0,0
1543982520000,432307,432603,432307,432531,0.3558,432455,0,-1,0,0
1543982580000,432535,433273,432529,433121,5.2076,432901,0,0,0,0
1543982640000,433123,433191,432495,432606,1.2658,432843,-1,-1,0,0
1543982700000,432989,433412,432790,433412,0.2734,433101,0,-1,1,0
1543982760000,433450,433500,433450,433500,0.418,433475,0,0,1,0
1543982820000,433490,433490,431649,432268,14.6946,432569,-1,-1,0,0
1543982880000,432268,432700,431567,431567,1.8611,432133,-1,-2,0,0
1543982940000,431543,431844,430598,431243,11.753,431221,-1,-2,0,0
1543983000000,431188,431368,430241,431085,12.7481,430804,-1,-2,0,0
1543983060000,431095,431316,430016,430059,5.1229,430666,-1,-2,0,0
1543983120000,430182,431967,430010,431845,4.9678,430988,1,0,1,0
1543983180000,431900,432902,431900,432236,0.7665,432401,0,1,0,0
1543983240000,432334,433092,432093,432366,4.5774,432592,0,0,0,0
1543983300000,432429,432928,431934,431936,5.6491,432431,-1,-1,0,0
1543983360000,431995,432491,431530,432047,4.7403,432010,0,-1,0,0
1543983420000,432047,432333,431997,432133,11.73,432165,0,0,0,0
1543983480000,432132,432680,431927,432553,4.7345,432303,0,0,0,0
1543983540000,432655,432792,432333,432702,3.4368,432562,0,0,0,0
1543983600000,432603,432939,432238,432500,1.5596,432588,-1,-1,0,0
1543983660000,432500,433630,432497,433630,3.7428,433063,1,0,1,0
1543983720000,433630,433632,432828,432874,11.0052,433230,-1,0,0,0
1543983780000,432884,433196,432799,433121,1.4909,432997,0,-1,0,0
1543983840000,432900,433169,432874,433152,0.802,433021,0,0,1,0
1543983900000,433159,433169,432820,432836,0.3376,432994,-1,-1,0,0
1543983960000,432818,432818,432388,432487,3.5032,432603,-1,-2,0,0
1543984020000,432400,432445,431446,432283,4.449,431945,-1,-2,0,0
1543984080000,431919,432500,431605,431898,1.8715,432052,-1,-2,0,0
1543984140000,432072,432094,431597,431887,0.5912,431845,-1,-2,0,0
1543984200000,431908,431908,431000,431363,4.4689,431454,-1,-2,0,0
1543984260000,431208,431810,430534,431592,3.4784,431172,0,-1,0,0
1543984320000,431105,432121,430701,431993,3.5772,431411,0,0,0,0
1543984380000,432121,432916,431375,432003,4.3077,432145,-1,-1,0,0
1543984440000,431985,432009,431373,431378,1.2262,431691,-1,-2,0,0
1543984500000,431680,431680,431620,431670,0.36,431650,-1,-2,0,0
1543984560000,431670,431768,430937,431429,0.7484,431352,-1,-2,0,0
1543984620000,431430,431658,430885,431170,2.0727,431271,-1,-2,0,0
1543984680000,431180,431437,430914,431437,0.1546,431175,0,-1,1,0
1543984740000,431088,432016,431088,431688,2.4954,431552,0,0,0,0
1543984800000,431749,432070,431437,431874,1.3949,431753,0,0,0,0
1543984860000,431877,432555,431877,432119,2.5503,432216,0,0,0,0
1543984920000,431937,432308,431605,431605,0.6473,431956,-1,-1,0,0
1543984980000,431605,431852,431605,431770,0.105,431728,0,-1,0,0
1543985040000,431770,431852,431540,431755,0.0436,431696,-1,-1,0,0
1543985100000,431755,432000,431649,431650,4.5243,431824,-1,-2,0,0
1543985160000,431650,432979,431650,432705,4.1639,432314,1,0,0,0
1543985220000,432800,433182,432051,433181,3.3345,432616,0,1,1,0
1543985280000,432595,433181,432595,432733,2.7246,432888,0,0,0,0
1543985340000,432734,432962,432427,432593,0.4678,432694,-1,-1,0,0
1543985400000,432546,432995,432378,432506,1.9496,432686,-1,-2,0,0
1543985460000,432600,432999,432600,432820,0.3417,432799,0,-1,0,0
1543985520000,432720,432720,432084,432690,0.7255,432402,-1,-1,0,0
1543985580000,432522,432999,432522,432731,0.0783,432760,0,-1,0,0
1543985640000,432725,432725,432162,432162,0.879,432443,-1,-1,0,0
1543985700000,432500,432678,432177,432234,1.2672,432427,-1,-2,0,0
1543985760000,432503,433250,432236,432670,1.2269,432743,0,-1,0,0
1543985820000,432660,433090,432364,433090,1.0945,432727,0,0,1,0
1543985880000,432728,433250,432713,432866,0.256,432981,0,0,0,0
1543985940000,432883,433250,432866,432866,1.1877,433058,-1,-1,0,0
1543986000000,433033,433250,432422,432692,2.0799,432836,-1,-2,0,0
1543986060000,432691,432691,431942,431942,4.0924,432316,-1,-2,0,0
1543986120000,432255,432655,432255,432395,0.4713,432455,0,-1,0,0
1543986180000,432447,432829,432001,432228,0.7364,432415,-1,-1,0,0
1543986240000,432228,432228,431615,431625,3.7017,431921,-1,-2,0,0
1543986300000,431625,431998,431620,431998,0.9443,431809,0,-1,1,0
1543986360000,431998,432665,431998,432665,1.3054,432331,0,0,1,0
1543986420000,432804,432818,432256,432352,1.0612,432537,-1,-1,0,0
1543986480000,432352,432407,432106,432106,0.1833,432256,-1,-2,0,0
1543986540000,432110,432409,432096,432408,7.7224,432252,0,-1,1,0
1543986600000,432399,432829,432213,432816,0.831,432521,0,0,1,0
1543986660000,432691,432794,432691,432794,0.023,432742,0,0,1,0
1543986720000,432675,432980,432675,432949,0.8494,432827,0,0,0,0
1543986780000,432785,433199,432719,432767,0.5464,432959,-1,-1,0,0
1543986840000,432923,433199,432749,433199,0.8281,432974,0,-1,1,0
1543986900000,433103,433199,432660,432992,4.9648,432929,-1,-1,0,0
1543986960000,432992,433200,432990,433200,2.0408,433095,0,-1,1,0
1543987020000,433199,434400,432661,433910,10.6907,433530,0,0,0,0
1543987080000,433907,434155,433654,433820,1.9961,433904,-1,-1,0,0
1543987140000,433887,434353,433750,433957,1.4811,434051,0,-1,0,0
1543987200000,433816,434030,433545,433758,8.7052,433787,-1,-1,0,0
1543987260000,433690,433749,432660,433475,1.8748,433204,-1,-2,0,0
1543987320000,433485,433735,433485,433515,0.7324,433610,0,-1,0,0
1543987380000,433540,433540,432910,433151,5.0959,433225,-1,-1,0,0
1543987440000,433150,434072,433020,434062,3.4255,433546,0,-1,1,0
1543987500000,433986,435000,433986,434465,1.7822,434493,0,0,0,0
1543987560000,434481,434774,434344,434757,1.4754,434559,0,0,1,0
1543987620000,434816,435666,434816,435500,9.9057,435241,0,0,0,0
1543987680000,435510,435510,434089,434668,3.4012,434799,-1,-1,0,0
1543987740000,434658,435201,434657,435201,3.4514,434929,0,-1,1,0
1543987800000,435256,435900,435015,435096,4.9489,435457,-1,-1,0,0
1543987860000,435310,435521,434556,435468,3.9948,435038,0,-1,0,0
1543987920000,435478,435990,435468,435990,1.2192,435729,0,0,1,0
1543987980000,435638,435999,435633,435999,1.6614,435816,0,0,1,0
1543988040000,435855,435855,435555,435679,3.7926,435705,-1,-1,0,0
1543988100000,435679,435742,435565,435742,0.5638,435653,0,-1,1,0
1543988160000,435767,435971,435566,435566,1.1165,435768,-1,-1,0,0
1543988220000,435928,436010,435171,435171,5.0806,435590,-1,-2,0,0
1543988280000,435403,435847,435365,435847,0.7334,435606,0,-1,1,0
1543988340000,435847,436230,435553,436212,1.1833,435891,0,0,1,0
1543988400000,436007,436230,435830,436000,1.7043,436030,-1,-1,0,0
1543988460000,436000,436002,435604,436000,0.5524,435803,0,-1,0,0
1543988520000,436002,437111,435738,437078,1.7978,436424,1,1,1,0
1543988580000,437077,437533,436109,436109,2.7098,436821,-1,0,0,0
1543988640000,436135,436160,435666,435721,10.2651,435913,-1,-2,0,0
1543988700000,435795,436390,435713,435943,9.2214,436051,0,-1,0,0
1543988760000,435827,436010,435072,435295,8.0322,435541,-1,-1,0,0
1543988820000,435286,435585,435078,435582,2.358,435331,0,-1,1,0
1543988880000,435582,435585,435582,435584,1.2354,435583,0,0,0,0
1543988940000,435370,435445,435117,435400,4.2541,435281,0,0,0,0
1543989000000,435399,435583,435347,435490,3.2395,435465,0,0,0,0
1543989060000,435490,435500,435399,435500,1.07,435449,0,0,1,0
1543989120000,435500,436461,435500,436214,3.2744,435980,0,0,0,0
1543989180000,436145,436650,436081,436081,1.4369,436365,-1,-1,0,0
1543989240000,436412,436650,436001,436462,0.4322,436325,0,-1,0,0
1543989300000,436466,436897,436001,436001,1.4154,436449,-1,-1,0,0
1543989360000,436011,436395,436000,436395,1.8509,436197,0,-1,1,0
1543989420000,436182,436182,436002,436002,0.504,436092,-1,-1,0,0
1543989480000,436055,436454,436000,436000,0.4087,436227,-1,-2,0,0
1543989540000,436339,436389,435710,436103,2.5966,436049,-1,-2,0,0
1543989600000,436108,436113,435847,435847,0.926,435980,-1,-2,0,0
1543989660000,435788,435788,435503,435628,1.6128,435645,-1,-2,0,0
1543989720000,435518,435518,435033,435034,4.4633,435275,-1,-2,0,0
1543989780000,435208,435499,435000,435000,4.4838,435249,-1,-2,0,0
1543989840000,434806,435003,434487,434932,2.5735,434745,0,-1,0,0
1543989900000,434918,435200,434912,435200,7.921,435056,0,0,1,0
1543989960000,435200,435453,434795,435001,2.6145,435124,-1,-1,0,0
1543990020000,435010,435010,435000,435005,5.9017,435005,-1,-2,0,0
1543990080000,435223,435233,435005,435005,0.0697,435119,-1,-2,0,0
1543990140000,435015,435245,435000,435000,4.2464,435122,-1,-2,0,0
1543990200000,435197,435198,435197,435198,0.0498,435197,0,-1,1,0
1543990260000,435197,435197,435000,435000,1.3345,435098,-1,-1,0,0
1543990320000,435000,435000,435000,435000,16.1125,435000,0,-1,0,0
1543990380000,435000,435000,434487,434487,8.1306,434743,-1,-1,0,0
1543990440000,434712,435747,434002,434356,6.2214,434874,-1,-2,0,0
1543990500000,434013,435000,434002,434096,1.7616,434501,0,-1,0,0
1543990560000,434100,435970,434097,435970,2.7014,435033,1,1,1,0
1543990620000,435711,436493,435284,435957,2.3833,435888,0,1,0,0
1543990680000,435716,436224,435707,436224,0.4899,435965,0,0,1,0
1543990740000,435821,436172,435721,435722,0.1965,435946,-1,-1,0,0
1543990800000,435722,435722,435067,435606,1.797,435394,-1,-2,0,0
1543990860000,435626,435626,435453,435625,0.8835,435539,-1,-2,0,0
1543990920000,435659,435986,435177,435385,2.1269,435581,-1,-2,0,0
1543990980000,435712,435806,435451,435451,0.0211,435628,-1,-2,0,0
1543991040000,435685,436318,435685,436042,1.6379,436001,0,-1,0,0
1543991100000,436148,436284,435876,435927,0.7735,436080,-1,-1,0,0
1543991160000,435927,435927,435506,435506,0.6953,435716,-1,-2,0,0
1543991220000,435522,435783,435394,435783,2.0128,435588,0,-1,1,0
1543991280000,435791,436000,435753,435753,1.3346,435876,-1,-1,0,0
1543991340000,435750,435750,435492,435492,0.687,435621,-1,-2,0,0
1543991400000,435502,435502,435300,435300,2.6986,435401,-1,-2,0,0
1543991460000,435264,435643,435254,435643,2.9992,435448,0,-1,1,0
1543991520000,435504,436076,435504,436076,1.591,435790,0,0,1,0
1543991580000,436121,436485,435786,436485,3.1873,436135,0,0,1,0
1543991640000,436159,436159,435707,435707,0.3634,435933,-1,-1,0,0
1543991700000,435707,435707,435707,435707,0.0,435707,0,-1,0,0
1543991760000,435753,435753,435161,435161,0.3098,435457,-1,-1,0,0
1543991820000,435161,435161,435161,435161,0.0,435161,0,-1,0,0
1543991880000,435477,436010,435229,435452,1.534,435619,-1,-1,0,0
1543991940000,435534,436129,435534,435921,2.2053,435831,0,-1,0,0
1543992000000,435921,435921,435548,435664,0.1087,435734,-1,-1,0,0
1543992060000,435723,435723,435654,435664,0.3457,435688,-1,-2,0,0
1543992120000,435679,436327,435105,436327,0.6154,435716,0,-1,1,0
1543992180000,435589,435967,435000,435124,2.9019,435483,-1,-1,0,0
1543992240000,435031,435381,435000,435317,2.8976,435190,0,-1,0,0
1543992300000,435363,435662,435000,435133,0.5573,435331,-1,-1,0,0
1543992360000,435306,435308,435306,435308,0.248,435307,0,-1,1,0
1543992420000,435311,435311,435302,435302,0.2235,435306,-1,-1,0,0
1543992480000,435153,435153,434342,434792,2.311,434747,-1,-2,0,0
1543992540000,434792,434794,434401,434773,0.4967,434597,-1,-2,0,0
1543992600000,434773,436200,434700,435488,11.7514,435450,0,-1,0,0
1543992660000,435489,436357,434957,436222,4.6918,435657,0,0,0,0
1543992720000,436045,436400,435276,436305,1.627,435838,0,0,0,0
1543992780000,435695,436319,435268,435684,1.639,435793,-1,-1,0,0
1543992840000,436101,436555,435532,436279,10.3648,436043,0,-1,0,0
1543992900000,436367,437000,435851,436523,6.3964,436425,0,0,0,0
1543992960000,436523,437493,435743,436102,9.6069,436618,-1,-1,0,0
1543993020000,435738,436491,435685,436310,8.4062,436088,0,-1,0,0
1543993080000,436062,436769,435969,436016,1.1507,436369,-1,-1,0,0
1543993140000,436173,436674,436029,436196,1.7534,436351,0,-1,0,0
1543993200000,436204,437275,436204,437275,2.5233,436739,1,1,1,0
1543993260000,437105,437115,436350,436506,1.8404,436732,-1,0,0,0
1543993320000,436516,437224,436353,436558,1.8213,436788,0,-1,0,0
1543993380000,436504,437200,436199,436264,2.8526,436699,-1,-1,0,0
1543993440000,436279,436279,435748,435944,2.7728,436013,-1,-2,0,0
1543993500000,435881,435882,435500,435508,1.048,435691,-1,-2,0,0
1543993560000,435530,435530,435152,435489,5.2229,435341,-1,-2,0,0
1543993620000,435196,435720,435117,435329,5.6307,435418,0,-1,0,0
1543993680000,435312,435835,435249,435393,2.7002,435542,0,0,0,0
1543993740000,435599,435609,434732,434998,4.1588,435170,-1,-1,0,0
1543993800000,435101,435120,434858,434858,0.578,434989,-1,-2,0,0
1543993860000,435068,435354,434965,434965,0.083,435159,-1,-2,0,0
1543993920000,434965,434965,434100,434100,2.2076,434532,-1,-2,0,0
1543993980000,434242,434242,434100,434100,0.1323,434171,-1,-2,0,0
1543994040000,434101,434738,434000,434699,1.1171,434369,0,-1,1,0
1543994100000,434528,434725,434146,434281,0.811,434435,-1,-1,0,0
1543994160000,434690,434901,434690,434860,0.3386,434795,0,-1,0,0
1543994220000,434851,435328,434183,435328,2.0124,434755,0,0,1,0
1543994280000,435048,435048,434389,434392,0.9562,434718,-1,-1,0,0
1543994340000,434392,434924,434197,434814,1.3351,434560,0,-1,0,0
1543994400000,434827,434924,434000,434729,1.4687,434462,-1,-1,0,0
1543994460000,434475,434740,434000,434550,1.8596,434370,0,-1,0,0
1543994520000,434490,434550,434057,434415,1.6822,434303,-1,-1,0,0
1543994580000,434042,434811,434000,434811,2.3907,434405,0,-1,1,0
1543994640000,434650,434875,434267,434875,2.5624,434571,0,0,1,0
1543994700000,434680,435092,434386,435092,0.2602,434739,0,0,1,0
1543994760000,435091,435200,434869,435000,0.3781,435034,-1,-1,0,0
1543994820000,435000,435030,434874,434997,0.0322,434952,-1,-2,0,0
1543994880000,435388,435388,434874,434874,0.1179,435131,-1,-2,0,0
1543994940000,435000,435800,434874,434874,3.896,435337,-1,-2,0,0
1543995000000,434881,435329,434881,434898,0.1503,435105,0,-1,0,0
1543995060000,434934,435516,434876,434876,0.588,435196,-1,-1,0,0
1543995120000,434990,435033,434990,435022,0.2509,435011,0,-1,0,0
1543995180000,435022,435516,434670,435516,0.7755,435093,0,0,1,0
1543995240000,435243,435800,434995,435106,4.6348,435397,-1,-1,0,0
1543995300000,435599,435736,435165,435246,1.752,435450,-1,-2,0,0
1543995360000,435481,435481,435272,435272,0.1236,435376,-1,-2,0,0
1543995420000,435121,435256,434465,434465,2.1166,434860,-1,-2,0,0
1543995480000,434465,434685,434110,434532,0.9223,434397,0,-1,0,0
1543995540000,434126,434216,433588,434154,7.4266,433902,0,0,0,0
1543995600000,433914,434438,433200,434438,4.5762,433819,0,0,1,0
1543995660000,434438,434505,433678,434000,3.2802,434091,-1,-1,0,0
1543995720000,434000,434100,432914,432914,10.4514,433507,-1,-2,0,0
1543995780000,432928,433025,432052,432644,3.0425,432538,-1,-2,0,0
1543995840000,432465,432465,430010,430807,11.8003,431237,-1,-2,0,0
1543995900000,430260,431200,430035,430532,12.658,430617,0,-1,0,0
1543995960000,430534,431098,430000,430791,14.6691,430549,0,0,0,0
1543996020000,431049,432747,430324,430415,14.4681,431535,-1,-1,0,0
1543996080000,430324,430821,430000,430000,22.2401,430410,-1,-2,0,0
1543996140000,430000,431837,429123,430600,11.2464,430480,0,-1,0,0
1543996200000,430612,431999,430168,431926,6.2545,431083,1,1,1,0
1543996260000,431926,431926,430313,431429,13.7593,431119,-1,0,0,0
1543996320000,431277,431542,430009,430803,8.7075,430775,-1,-2,0,0
1543996380000,430865,431424,430351,430817,6.7969,430887,-1,-2,0,0
1543996440000,430509,431481,430049,430400,4.3233,430765,-1,-2,0,0
1543996500000,430400,430707,429000,429999,6.5127,429853,-1,-2,0,0
1543996560000,429946,430717,429762,430708,5.1376,430239,0,-1,1,0
1543996620000,430595,430675,429488,429956,4.2371,430081,-1,-1,0,0
1543996680000,429956,430910,429749,430334,4.453,430329,0,-1,0,0
1543996740000,430339,431627,430334,430950,4.1048,430980,0,0,0,0
1543996800000,430979,431053,428326,430555,9.3164,429689,-1,-1,0,0
1543996860000,430565,430565,429211,430235,10.658,429888,-1,-2,0,0
1543996920000,430264,430264,429664,429664,1.3919,429964,-1,-2,0,0
1543996980000,429664,430295,429144,429859,5.103,429719,0,-1,0,0
1543997040000,429875,430815,429859,430815,2.9804,430337,0,0,1,0
1543997100000,430815,431128,429882,430001,2.1823,430505,-1,-1,0,0
1543997160000,429900,430396,429859,430014,3.3738,430127,0,-1,0,0
1543997220000,430300,430800,429860,430778,1.4125,430330,0,0,1,0
1543997280000,430776,431400,430358,431274,2.8918,430879,0,0,0,0
1543997340000,431052,432117,430736,432056,4.2543,431426,1,1,1,0
1543997400000,431858,432655,431543,431728,1.4142,432099,-1,0,0,0
1543997460000,431709,432321,431381,431683,1.2582,431851,-1,-2,0,0
1543997520000,431611,432661,431601,432116,1.4702,432131,0,-1,0,0
1543997580000,431846,432148,431500,431501,1.0402,431824,-1,-1,0,0
1543997640000,431907,432276,431511,432042,2.3121,431893,0,-1,0,0
1543997700000,432042,432845,431738,432354,2.2106,432291,0,0,0,0
1543997760000,432754,432897,432062,432117,0.841,432479,-1,-1,0,0
1543997820000,432072,432440,431515,431804,2.6025,431977,-1,-2,0,0
1543997880000,431597,432190,431501,432190,2.4672,431845,0,-1,1,0
1543997940000,431596,431611,431374,431424,2.5053,431492,-1,-1,0,0
1543998000000,431321,431702,430955,431508,0.3582,431328,0,-1,0,0
1543998060000,431495,431495,431024,431424,3.6443,431259,-1,-1,0,0
1543998120000,431115,431480,431035,431423,3.6369,431257,0,-1,0,0
1543998180000,431480,431913,431413,431865,2.8636,431663,0,0,0,0
1543998240000,431865,432000,431404,431752,5.7276,431702,-1,-1,0,0
1543998300000,431747,432107,431747,432107,1.3408,431927,0,-1,1,0
1543998360000,431755,431755,431418,431418,0.3755,431586,-1,-1,0,0
1543998420000,431735,431814,431291,431681,0.8535,431552,-1,-2,0,0
1543998480000,431436,431680,430760,430906,1.9333,431220,-1,-2,0,0
1543998540000,430906,431537,430896,431368,2.8343,431216,0,-1,0,0
1543998600000,431405,431405,430960,431207,4.8911,431182,-1,-1,0,0
1543998660000,431200,431400,430515,430515,0.333,430957,-1,-2,0,0
1543998720000,430743,431167,430588,430590,3.3134,430877,-1,-2,0,0
1543998780000,430469,431010,429989,430631,4.9608,430499,0,-1,0,0
1543998840000,430631,431000,430210,430607,0.7948,430605,-1,-1,0,0
1543998900000,430608,431797,430608,431388,1.9495,431202,0,-1,0,0
1543998960000,431514,431546,430825,431396,1.7114,431185,-1,-1,0,0
1543999020000,431396,431600,431282,431282,1.5285,431441,-1,-2,0,0
1543999080000,431590,432000,431459,431995,0.7305,431729,0,-1,1,0
1543999140000,431907,432000,431571,431985,1.18,431785,0,0,0,0
1543999200000,431570,432000,431000,431298,3.8255,431500,-1,-1,0,0
1543999260000,431796,431906,431555,431906,0.3769,431730,0,-1,1,0
1543999320000,431644,431877,431368,431604,1.9682,431622,-1,-1,0,0
1543999380000,431862,432754,431862,432754,0.7341,432308,0,-1,1,0
1543999440000,432754,432924,432063,432434,3.7987,432493,-1,-1,0,0
1543999500000,432434,432698,431789,432156,7.4045,432243,-1,-2,0,0
1543999560000,431894,432436,431890,432436,0.294,432163,0,-1,1,0
1543999620000,432343,432729,432343,432729,1.2726,432536,0,0,1,0
1543999680000,432766,432766,432265,432577,1.0027,432515,-1,-1,0,0
1543999740000,432575,432746,432314,432654,2.5792,432530,0,-1,0,0
1543999800000,432746,433000,432733,432998,5.9404,432866,0,0,1,0
1543999860000,432998,432998,432618,432870,0.8403,432808,-1,-1,0,0
1543999920000,432820,433061,432668,433044,1.4134,432864,0,-1,1,0
1543999980000,433053,433061,432660,433061,0.7388,432860,0,0,1,0
1544000040000,433066,433066,431936,432445,3.6884,432501,-1,-1,0,0
1544000100000,432445,432629,432078,432399,1.6592,432353,-1,-2,0,0
1544000160000,432503,432535,432174,432407,1.1593,432354,-1,-2,0,0
1544000220000,432397,432406,431840,431970,2.4849,432123,-1,-2,0,0
1544000280000,431968,432516,431929,432514,1.9667,432222,0,-1,1,0
1544000340000,432497,432497,431601,432213,2.9034,432049,-1,-1,0,0
1544000400000,432308,432666,431939,432566,1.0883,432302,0,-1,0,0
1544000460000,432555,432666,432095,432590,0.6991,432380,0,0,0,0
1544000520000,432589,432989,432500,432989,1.5316,432744,0,0,1,0
1544000580000,432989,433292,432403,433105,4.5538,432847,0,0,0,0
1544000640000,433105,433248,432622,432673,1.6163,432935,-1,-1,0,0
1544000700000,432673,433492,432512,432601,1.542,433002,-1,-2,0,0
1544000760000,432767,432772,432484,432484,0.4537,432628,-1,-2,0,0
1544000820000,432486,432777,432019,432777,1.8781,432398,0,-1,1,0
1544000880000,432777,432900,432382,432900,1.2552,432641,0,0,1,0
1544000940000,432605,432963,432384,432535,1.9592,432673,-1,-1,0,0
1544001000000,432917,432963,432410,432809,3.0853,432686,-1,-2,0,0
1544001060000,432809,433045,432519,432797,4.4501,432782,-1,-2,0,0
1544001120000,432797,433400,432344,432344,2.4502,432872,-1,-2,0,0
1544001180000,432183,432282,431849,432197,5.4145,432065,0,-1,0,0
1544001240000,432282,432282,431602,431602,0.867,431942,-1,-1,0,0
1544001300000,431907,432045,431500,432035,1.813,431772,0,-1,1,0
1544001360000,432006,432113,431325,431455,3.6812,431719,-1,-1,0,0
1544001420000,431543,431720,431543,431710,0.1983,431631,0,-1,1,0
1544001480000,431691,431702,431687,431691,0.2704,431694,0,0,0,0
1544001540000,431691,432000,431625,431813,2.4571,431812,0,0,0,0
1544001600000,431918,432000,431455,431942,1.7362,431727,0,0,0,0
1544001660000,431899,431969,431585,431678,1.5385,431777,-1,-1,0,0
1544001720000,431615,431914,430966,431556,2.3636,431440,-1,-2,0,0
1544001780000,431556,431556,431004,431478,0.4541,431280,-1,-2,0,0
1544001840000,431563,431565,431158,431273,1.4234,431361,-1,-2,0,0
1544001900000,431316,431674,431163,431600,0.5068,431418,0,-1,0,0
1544001960000,431600,431600,431408,431600,0.0726,431504,0,0,0,0
1544002020000,431653,432612,431637,432266,4.8102,432124,0,0,0,0
1544002080000,431901,432266,431601,431778,1.3004,431933,-1,-1,0,0
1544002140000,431782,432032,431601,431611,1.0799,431816,-1,-2,0,0
1544002200000,431674,432195,431647,432195,0.1618,431921,0,-1,1,0
1544002260000,432195,432828,432195,432828,1.0942,432511,0,0,1,0
1544002320000,432770,432998,432380,432825,4.0526,432689,0,0,0,0
1544002380000,432559,433000,432480,433000,1.9521,432740,0,0,1,0
1544002440000,433010,433089,433000,433000,4.0724,433044,-1,-1,0,0
1544002500000,433086,433299,433000,433000,11.7478,433149,-1,-2,0,0
1544002560000,433010,433246,433000,433178,3.8012,433123,0,-1,0,0
1544002620000,433000,433444,433000,433010,3.9797,433222,0,0,0,0
1544002680000,433010,433333,433010,433246,4.122,433171,0,0,0,0
1544002740000,433287,433333,433185,433333,0.7592,433259,0,0,1,0
1544002800000,433210,433210,432460,433049,6.9844,432835,-1,-1,0,0
1544002860000,432863,432863,432460,432683,0.4909,432661,-1,-2,0,0
1544002920000,432679,432720,431775,432441,4.0861,432247,-1,-2,0,0
1544002980000,432250,432250,431931,431931,1.0364,432090,-1,-2,0,0
1544003040000,432258,432716,431936,432110,2.624,432326,-1,-2,0,0
1544003100000,432509,432731,432428,432428,2.2513,432579,-1,-2,0,0
1544003160000,432428,432438,432428,432428,0.201,432433,0,-1,0,0
1544003220000,432428,432525,432428,432515,0.7028,432476,0,0,0,0
1544003280000,432522,432697,432522,432697,0.1264,432609,0,0,1,0
1544003340000,432539,433155,432522,433145,2.8578,432838,0,0,1,0
1544003400000,432806,433222,432693,433047,3.0588,432957,0,0,0,0
1544003460000,433047,433048,432693,432704,2.9255,432870,-1,-1,0,0
1544003520000,432703,432973,432698,432714,1.9054,432835,0,-1,0,0
1544003580000,432707,432812,432706,432725,0.4197,432759,0,0,0,0
1544003640000,432812,432814,432812,432814,0.045,432813,0,0,1,0
1544003700000,432849,432853,432849,432851,0.5094,432851,0,0,0,0
1544003760000,432854,433375,432851,433227,2.1274,433113,0,0,0,0
1544003820000,433375,434176,433350,433886,3.5427,433763,0,0,0,0
1544003880000,434141,434667,433640,433783,4.8244,434153,-1,-1,0,0
1544003940000,434233,434777,433858,434348,1.9267,434317,0,-1,0,0
1544004000000,434410,435800,434410,435800,5.5596,435105,1,1,1,0
1544004060000,435800,436717,435177,435472,9.4399,435947,-1,0,0,0
1544004120000,435472,435605,435176,435559,2.2749,435390,0,-1,0,0
1544004180000,435567,436099,435191,435633,1.3806,435645,0,0,0,0
1544004240000,436078,436100,435701,435812,2.1369,435900,-1,-1,0,0
1544004300000,435761,435762,435000,435382,11.0699,435381,-1,-2,0,0
1544004360000,435378,435499,434526,434700,3.5135,435012,-1,-2,0,0
1544004420000,435258,435532,434701,435236,5.6223,435116,-1,-2,0,0
1544004480000,435271,435347,434700,434746,2.1302,435023,-1,-2,0,0
1544004540000,434977,435182,434751,434856,1.2982,434966,-1,-2,0,0
1544004600000,435114,435200,434800,435200,4.082,435000,0,-1,1,0
1544004660000,435198,435695,435186,435567,3.9155,435440,0,0,0,0
1544004720000,435445,435484,435238,435484,0.3259,435361,0,0,1,0
1544004780000,435725,435962,435725,435915,0.197,435843,0,0,0,0
1544004840000,435915,436124,435352,435900,6.137,435738,-1,-1,0,0
1544004900000,435895,436999,435895,436997,6.2786,436447,1,0,1,0
1544004960000,436997,437493,435875,436100,17.3024,436684,-1,0,0,0
1544005020000,436090,436100,435888,435900,12.8525,435994,-1,-2,0,0
1544005080000,435900,435940,435776,435940,15.4698,435858,0,-1,1,0
1544005140000,435940,437492,435940,436942,8.4643,436716,1,1,0,0
1544005200000,436933,436951,435001,435804,10.5715,435976,-1,0,0,0
1544005260000,435629,435629,435013,435628,6.7559,435321,-1,-2,0,0
1544005320000,435487,435840,435395,435466,0.5917,435617,-1,-2,0,0
1544005380000,435794,435953,435409,435501,1.6575,435681,-1,-2,0,0
1544005440000,435549,435943,435338,435937,0.6736,435640,0,-1,1,0
1544005500000,435935,435953,435332,435467,0.5063,435642,-1,-1,0,0
1544005560000,435332,435369,434465,434465,4.8369,434917,-1,-2,0,0
1544005620000,434465,435000,434465,434995,2.497,434732,0,-1,1,0
1544005680000,434993,435440,434623,435440,3.319,435031,0,0,1,0
1544005740000,435440,435619,435440,435619,1.1205,435529,0,0,1,0
1544005800000,435619,435830,434969,434969,3.17,435399,-1,-1,0,0
1544005860000,435000,435254,434302,434952,2.8184,434778,-1,-2,0,0
1544005920000,434675,434683,434131,434131,0.3933,434407,-1,-2,0,0
1544005980000,434595,434995,434595,434990,2.8634,434795,0,-1,1,0
1544006040000,434990,435094,434990,435073,0.3198,435042,0,0,0,0
1544006100000,434806,435067,434176,434286,0.4339,434621,-1,-1,0,0
1544006160000,434868,435000,434493,434997,0.7597,434746,0,-1,1,0
1544006220000,434991,435238,434286,434297,1.0935,434762,-1,-1,0,0
1544006280000,434426,434708,434415,434657,0.5008,434561,0,-1,0,0
1544006340000,434415,434522,434286,434500,0.6218,434404,0,0,0,0
1544006400000,434500,435080,434500,435080,2.7743,434790,0,0,1,0
1544006460000,435080,435170,434895,435170,0.242,435032,0,0,1,0
1544006520000,435067,435362,435067,435303,1.9815,435214,0,0,0,0
1544006580000,435364,435764,435171,435171,0.2993,435467,-1,-1,0,0
1544006640000,435110,435110,434412,434737,1.4225,434761,-1,-2,0,0
1544006700000,434737,434737,434352,434352,0.3137,434544,-1,-2,0,0
1544006760000,434400,434400,434360,434360,0.127,434380,-1,-2,0,0
1544006820000,434360,435000,434360,435000,3.6797,434680,0,-1,1,0
1544006880000,435000,435484,434556,435484,6.0502,435020,0,0,1,0
1544006940000,435096,435364,435096,435364,0.2114,435230,0,0,1,0
1544007000000,435449,435500,435449,435494,0.0228,435474,0,0,0,0
1544007060000,435445,435445,434919,435267,0.23,435182,-1,-1,0,0
1544007120000,435265,435265,434629,434989,0.2348,434947,-1,-2,0,0
1544007180000,434812,434812,434641,434700,0.5491,434726,-1,-2,0,0
1544007240000,434639,434905,434351,434788,3.3344,434628,0,-1,0,0
1544007300000,434788,434858,434763,434770,0.04,434810,-1,-1,0,0
1544007360000,434773,434883,434773,434883,0.0323,434828,0,-1,1,0
1544007420000,434872,434960,434327,434960,0.2735,434643,0,0,1,0
1544007480000,434644,435061,434450,435010,1.3054,434755,0,0,0,0
1544007540000,435010,435062,434500,435020,0.7234,434781,0,0,0,0
1544007600000,434925,435239,434925,435221,0.0374,435082,0,0,1,0
1544007660000,435215,435215,434727,435145,0.6083,434971,-1,-1,0,0
1544007720000,434953,435387,434953,435387,0.07,435170,0,-1,1,0
1544007780000,435435,435435,434990,435378,0.299,435212,-1,-1,0,0
1544007840000,435043,435043,435025,435025,0.1,435034,-1,-2,0,0
1544007900000,435058,435058,434721,434797,0.1116,434889,-1,-2,0,0
1544007960000,434721,434721,434500,434652,2.031,434610,-1,-2,0,0
1544008020000,434643,434860,434643,434860,0.3,434751,0,-1,1,0
1544008080000,434700,434730,433962,433962,2.3968,434346,-1,-1,0,0
1544008140000,434133,434257,433779,434054,5.6172,434018,-1,-2,0,0
1544008200000,434065,434498,433417,433417,1.4328,433957,-1,-2,0,0
1544008260000,433424,433878,433270,433343,2.137,433574,-1,-2,0,0
1544008320000,433709,433751,433393,433698,0.365,433572,-1,-2,0,0
1544008380000,433351,433601,433249,433249,1.1892,433425,-1,-2,0,0
1544008440000,433307,433600,432933,433600,4.2327,433266,0,-1,1,0
1544008500000,433600,433805,433434,433805,1.8257,433619,0,0,1,0
1544008560000,433805,434020,432693,432693,7.8097,433356,-1,-1,0,0
1544008620000,433672,433682,433160,433656,0.3576,433421,-1,-2,0,0
1544008680000,433656,434063,433376,433535,2.7779,433719,-1,-2,0,0
1544008740000,433534,433910,433037,433743,3.6866,433473,0,-1,0,0
1544008800000,433501,433643,433308,433632,0.3093,433475,0,0,1,0
1544008860000,433630,433631,432693,433409,0.8361,433162,-1,-1,0,0
1544008920000,432928,433362,432884,432965,0.0969,433123,0,-1,0,0
1544008980000,433045,433450,432500,432670,1.4201,432975,-1,-1,0,0
1544009040000,432670,432720,432559,432663,0.5626,432639,-1,-2,0,0
1544009100000,432700,433428,432700,432911,2.4696,433064,0,-1,0,0
1544009160000,433231,433417,433231,433417,0.02,433324,0,0,1,0
1544009220000,433417,433778,433417,433709,0.7999,433597,0,0,0,0
1544009280000,433431,433623,433246,433623,0.191,433434,0,0,1,0
1544009340000,433338,433576,433328,433465,0.09,433452,0,0,0,0
1544009400000,433606,434500,433606,433775,1.1938,434053,0,0,0,0
1544009460000,433789,433821,433607,433663,0.3772,433714,-1,-1,0,0
1544009520000,433907,434107,433907,433950,1.0707,434007,0,-1,0,0
1544009580000,433950,434910,433765,434910,6.0124,434337,0,0,1,0
1544009640000,434296,434910,433994,434370,0.5398,434452,0,0,0,0
1544009700000,434238,434244,433909,433960,1.1823,434076,-1,-1,0,0
1544009760000,433787,434190,433773,434190,0.3194,433981,0,-1,1,0
1544009820000,433869,433869,433710,433710,0.061,433789,-1,-1,0,0
1544009880000,433714,433714,433714,433714,0.05,433714,0,-1,0,0
1544009940000,434122,434339,434122,434339,0.03,434230,0,0,1,0
1544010000000,434339,434340,433984,434340,0.064,434162,0,0,1,0
1544010060000,434328,434340,433850,433850,1.275,434095,-1,-1,0,0
1544010120000,433855,433855,433850,433850,0.06,433852,-1,-2,0,0
1544010180000,433850,433850,433850,433850,0.0,433850,0,-1,0,0
1544010240000,433961,434332,433961,434332,0.0556,434146,0,0,1,0
1544010300000,434332,434548,434332,434548,2.1912,434440,0,0,1,0
1544010360000,434579,434757,434126,434757,2.6814,434441,0,0,1,0
1544010420000,434700,435000,434517,434900,5.9995,434758,0,0,0,0
1544010480000,434910,435888,434694,435888,7.7873,435291,0,0,1,0
1544010540000,435034,435699,434764,435213,8.1906,435231,0,0,0,0
1544010600000,435285,435304,435097,435171,6.7872,435200,-1,-1,0,0
1544010660000,435170,435953,435165,435318,1.3739,435559,0,-1,0,0
1544010720000,435646,436000,435595,436000,4.1273,435797,0,0,1,0
1544010780000,435929,436333,435380,436195,10.6965,435856,0,0,0,0
1544010840000,435742,436190,435000,435850,1.3204,435595,0,0,0,0
1544010900000,435850,436242,435819,436242,4.2304,436030,0,0,1,0
1544010960000,436256,436828,436091,436523,1.4518,436459,0,0,0,0
1544011020000,436471,438271,436421,437586,13.8929,437346,1,1,0,0
1544011080000,437809,438072,437565,437903,8.2926,437818,0,1,0,0
1544011140000,437903,438600,437903,438283,10.5393,438251,0,0,0,0
1544011200000,438284,438284,437010,437027,6.7192,437647,-1,-1,0,0
1544011260000,437153,437735,437010,437574,4.0423,437372,0,-1,0,0
1544011320000,437573,437736,437198,437208,0.8483,437467,-1,-1,0,0
1544011380000,437390,437390,436366,436985,3.1345,436878,-1,-2,0,0
1544011440000,436985,437117,436394,436990,1.9854,436755,0,-1,0,0
1544011500000,436750,437221,436429,437000,3.2151,436825,0,0,0,0
1544011560000,437130,437220,436970,437206,0.1939,437095,0,0,0,0
1544011620000,437010,437300,437005,437300,0.6084,437152,0,0,1,0
1544011680000,437341,437395,436985,436990,1.6406,437190,-1,-1,0,0
1544011740000,437076,437242,436896,436915,3.6893,437069,-1,-2,0,0
1544011800000,436939,437500,436909,437494,3.0285,437204,0,-1,1,0
1544011860000,437123,437700,436872,437600,5.4815,437286,0,0,0,0
1544011920000,437600,437700,437500,437578,1.3287,437600,-1,-1,0,0
1544011980000,437574,437592,437300,437500,0.573,437446,-1,-2,0,0
1544012040000,437500,438100,437494,437772,3.7634,437797,0,-1,0,0
1544012100000,437853,438185,437841,438185,2.3615,438013,0,0,1,0
1544012160000,438100,438437,438100,438200,1.8432,438268,0,0,0,0
1544012220000,438300,439604,438300,438888,3.9714,438952,0,0,0,0
1544012280000,438888,439073,438245,438247,12.7838,438659,-1,-1,0,0
1544012340000,438687,438687,437600,438170,2.0912,438143,-1,-2,0,0
1544012400000,437894,438128,437372,437372,0.2018,437750,-1,-2,0,0
1544012460000,437683,437782,437372,437373,5.2756,437577,-1,-2,0,0
1544012520000,437499,438800,437380,437500,3.2725,438090,0,-1,0,0
1544012580000,437595,438011,437372,437373,1.1396,437691,-1,-1,0,0
1544012640000,437373,437821,437002,437002,5.7566,437411,-1,-2,0,0
1544012700000,437031,438000,437002,437276,1.1083,437501,0,-1,0,0
1544012760000,437276,437361,437000,437000,2.0236,437180,-1,-1,0,0
1544012820000,437002,437386,436666,436892,3.7283,437026,-1,-2,0,0
1544012880000,436892,437364,436362,436768,5.6859,436863,-1,-2,0,0
1544012940000,436706,437102,436173,436875,2.1575,436637,0,-1,0,0
1544013000000,436429,437227,436390,436390,0.735,436808,-1,-1,0,0
1544013060000,436542,437375,436151,436434,3.0247,436763,-1,-2,0,0
1544013120000,436422,436900,436151,436437,4.1629,436525,0,-1,0,0
1544013180000,436437,436488,436280,436291,1.2063,436384,-1,-1,0,0
1544013240000,436175,436175,435797,435999,5.9309,435986,-1,-2,0,0
1544013300000,436032,436978,435961,436237,3.9013,436469,0,-1,0,0
1544013360000,436126,436775,436126,436552,8.2701,436450,0,0,0,0
1544013420000,436553,437625,436348,436348,3.8365,436986,-1,-1,0,0
1544013480000,436394,436861,436344,436680,1.5906,436602,0,-1,0,0
1544013540000,436348,436800,435757,435757,1.0205,436278,-1,-1,0,0
1544013600000,435759,436365,435512,435549,1.168,435938,-1,-2,0,0
1544013660000,435707,436567,435550,436114,2.3489,436058,0,-1,0,0
1544013720000,436114,436500,435759,435836,1.0575,436129,-1,-1,0,0
1544013780000,435847,436697,435836,436492,2.2309,436266,0,-1,0,0
1544013840000,436261,437293,436261,436457,2.8618,436777,0,0,0,0
1544013900000,436462,437213,436250,436781,2.599,436731,0,0,0,0
1544013960000,436379,436787,435799,436392,0.9848,436293,0,0,0,0
1544014020000,435876,436569,435741,435814,1.049,436155,-1,-1,0,0
1544014080000,435815,436297,435814,436124,0.768,436055,0,-1,0,0
1544014140000,436074,436074,435814,435814,1.8322,435944,-1,-1,0,0
1544014200000,435823,436483,435820,436000,1.2758,436151,0,-1,0,0
1544014260000,436010,436379,435800,435800,0.7545,436089,-1,-1,0,0
1544014320000,435800,436139,435800,436135,0.129,435969,0,-1,1,0
1544014380000,436129,436419,435800,436419,3.1628,436109,0,0,1,0
1544014440000,436424,436510,436424,436500,0.5959,436467,0,0,0,0
1544014500000,436510,436639,436180,436220,1.6288,436409,-1,-1,0,0
1544014560000,436549,436563,436315,436500,5.5911,436439,-1,-2,0,0
1544014620000,436500,436500,436191,436500,0.7953,436345,0,-1,0,0
1544014680000,436490,436490,436000,436000,0.9456,436245,-1,-1,0,0
1544014740000,436005,436005,435860,435860,1.0445,435932,-1,-2,0,0
1544014800000,435860,436387,435800,436344,3.467,436093,0,-1,1,0
1544014860000,436450,436967,436421,436958,4.9746,436694,0,0,1,0
1544014920000,437000,438000,437000,437145,4.1373,437500,0,0,0,0
1544014980000,437144,438000,437133,437133,3.1508,437566,-1,-1,0,0
1544015040000,437259,437442,437001,437025,1.7042,437221,-1,-2,0,0
1544015100000,437010,437274,436803,437068,0.6599,437038,0,-1,0,0
1544015160000,437080,437090,436439,436700,4.9789,436764,-1,-1,0,0
1544015220000,436699,437076,436690,436708,3.9809,436883,0,-1,0,0
1544015280000,436711,437002,436709,437002,1.0679,436855,0,0,1,0
1544015340000,436713,436982,436439,436982,0.7134,436710,0,0,1,0
1544015400000,436981,437000,436644,436930,0.0601,436822,-1,-1,0,0
1544015460000,436890,436890,436401,436401,0.7744,436645,-1,-2,0,0
1544015520000,436500,436930,436500,436929,0.1957,436715,0,-1,1,0
1544015580000,436928,437011,436915,437011,1.3785,436963,0,0,1,0
1544015640000,437035,437035,436692,436764,0.2022,436863,-1,-1,0,0
1544015700000,436768,436768,436662,436662,0.1331,436715,-1,-2,0,0
1544015760000,436666,437000,436652,436897,0.9663,436826,0,-1,0,0
1544015820000,436907,437000,436897,437000,0.7874,436948,0,0,1,0
1544015880000,437264,437274,437264,437274,0.0299,437269,0,0,1,0
1544015940000,437274,437842,437274,437411,2.3163,437558,0,0,0,0
1544016000000,437415,437415,437274,437274,5.8915,437344,-1,-1,0,0
1544016060000,437276,437276,437001,437006,0.5306,437138,-1,-2,0,0
1544016120000,437001,437009,436756,436756,7.5246,436882,-1,-2,0,0
1544016180000,436756,436756,436756,436756,0.0013,436756,0,-1,0,0
1544016240000,436756,436789,436746,436789,1.0932,436767,0,0,1,0
1544016300000,436789,437164,436789,436789,0.3003,436976,0,0,0,0
1544016360000,436789,437091,436500,436512,1.3028,436795,-1,-1,0,0
1544016420000,436505,437091,436505,437087,1.2315,436798,0,-1,1,0
1544016480000,436621,437011,436516,436796,1.2004,436763,0,0,0,0
1544016540000,436951,437453,436700,437411,1.5879,437076,0,0,1,0
1544016600000,437371,437581,436982,437439,1.9972,437281,0,0,0,0
1544016660000,437440,437602,437052,437602,4.0744,437327,0,0,1,0
1544016720000,437316,437795,437272,437327,1.4658,437533,0,0,0,0
1544016780000,437327,437703,436977,437465,1.1264,437340,0,0,0,0
1544016840000,437465,437703,437388,437703,2.4309,437545,0,0,1,0
1544016900000,437703,437824,437383,437824,2.7364,437603,0,0,1,0
1544016960000,437896,438741,437800,438545,3.7883,438270,0,0,0,0
1544017020000,438196,438499,437952,438130,2.2811,438225,-1,-1,0,0
1544017080000,438113,438113,437699,437955,0.5427,437906,-1,-2,0,0
1544017140000,437831,437831,437164,437273,2.5168,437497,-1,-2,0,0
1544017200000,437274,437830,437200,437538,2.3819,437515,0,-1,0,0
1544017260000,437525,437820,437525,437820,0.297,437672,0,0,1,0
1544017320000,437818,438000,437700,437999,2.302,437850,0,0,1,0
1544017380000,438000,438282,437701,438279,2.3571,437991,0,0,1,0
1544017440000,437985,438300,437969,438292,1.9003,438134,0,0,1,0
1544017500000,438300,438399,438000,438214,1.8307,438199,-1,-1,0,0
1544017560000,438374,438382,437700,437738,1.7594,438041,-1,-2,0,0
1544017620000,437738,438400,437147,437216,5.5345,437773,-1,-2,0,0
1544017680000,437216,437486,437000,437486,1.1803,437243,0,-1,1,0
1544017740000,437780,437798,437002,437511,1.6784,437400,-1,-1,0,0
1544017800000,437668,437783,437012,437012,1.3694,437397,-1,-2,0,0
1544017860000,437002,437172,436800,436971,6.5579,436986,-1,-2,0,0
1544017920000,436800,436949,436500,436500,0.7748,436724,-1,-2,0,0
1544017980000,436500,436749,436103,436585,2.0001,436426,0,-1,0,0
1544018040000,436699,437078,436195,437043,1.7168,436636,0,0,0,0
1544018100000,437033,437228,436191,436191,1.9779,436709,-1,-1,0,0
1544018160000,436753,436900,436178,436235,3.6036,436539,-1,-2,0,0
1544018220000,436242,436242,435536,435554,7.0343,435889,-1,-2,0,0
1544018280000,435550,436121,435053,435108,3.4364,435587,-1,-2,0,0
1544018340000,435057,435351,434940,435239,3.1531,435145,0,-1,0,0
1544018400000,435230,435751,435230,435475,2.7652,435490,0,0,0,0
1544018460000,435475,435475,435174,435174,2.6615,435324,-1,-1,0,0
1544018520000,435106,435490,433911,435115,6.9359,434700,0,-1,0,0
1544018580000,434305,434630,433500,433735,1.9937,434065,-1,-1,0,0
1544018640000,433735,436162,433328,433800,3.0765,434745,0,-1,0,0
1544018700000,433800,434148,432964,433200,6.5627,433556,-1,-1,0,0
1544018760000,432685,433753,432000,433600,6.9986,432876,0,-1,0,0
1544018820000,433548,433888,433102,433872,0.5999,433495,0,0,1,0
1544018880000,433480,434153,433050,433359,6.2559,433601,-1,-1,0,0
1544018940000,433015,433736,433000,433732,2.7449,433368,0,-1,1,0
1544019000000,433695,434057,433086,434057,3.9239,433571,0,0,1,0
1544019060000,434057,434236,433705,434236,0.9767,433970,0,0,1,0
1544019120000,434201,434201,433052,433698,4.5327,433626,-1,-1,0,0
1544019180000,433264,433648,432823,432960,4.1075,433235,-1,-2,0,0
1544019240000,432960,433842,432870,433639,5.4076,433356,0,-1,0,0
1544019300000,433209,433567,433062,433130,3.1892,433314,-1,-1,0,0
1544019360000,433128,433594,432886,433210,1.5496,433240,0,-1,0,0
1544019420000,433548,433798,433221,433289,0.4887,433509,-1,-1,0,0
1544019480000,433299,433798,433250,433587,2.1729,433524,0,-1,0,0
1544019540000,433591,433799,433570,433717,4.0184,433684,0,0,0,0
1544019600000,433717,434020,433570,433968,0.7792,433795,0,0,0,0
1544019660000,434001,434450,432990,432990,6.7425,433720,-1,-1,0,0
1544019720000,433301,434178,432983,434178,1.5995,433580,0,-1,1,0
1544019780000,433589,433589,433072,433375,1.9373,433330,-1,-1,0,0
1544019840000,433134,433135,432100,432100,4.2611,432617,-1,-2,0,0
1544019900000,432549,433510,432084,433380,3.0371,432797,0,-1,0,0
1544019960000,433052,434172,433003,434172,1.0152,433587,1,1,1,0
1544020020000,433073,433352,432625,433342,0.7986,432988,0,1,1,0
1544020080000,433347,433441,432712,432712,0.9329,433076,-1,-1,0,0
1544020140000,432601,432978,432031,432900,4.2629,432504,0,-1,0,0
1544020200000,432910,433976,432900,433575,5.3992,433438,0,0,0,0
1544020260000,433575,433901,433189,433325,2.2032,433545,-1,-1,0,0
1544020320000,433325,433325,433149,433197,1.1138,433237,-1,-2,0,0
1544020380000,433006,433353,432915,433196,1.5972,433134,0,-1,0,0
1544020440000,433196,433605,432990,433417,3.4567,433297,0,0,0,0
1544020500000,433713,434148,433713,434041,1.8987,433930,0,0,0,0
1544020560000,434053,434053,433078,433746,0.5259,433565,-1,-1,0,0
1544020620000,433168,434232,433011,433154,1.8224,433621,-1,-2,0,0
1544020680000,433240,433510,433000,433000,2.3838,433255,-1,-2,0,0
1544020740000,433007,433007,432065,432770,3.1885,432536,-1,-2,0,0
1544020800000,432699,433032,431240,431721,7.4653,432136,-1,-2,0,0
1544020860000,431821,432175,431000,431956,8.7312,431587,0,-1,0,0
1544020920000,432058,432369,430544,430544,2.2998,431456,-1,-1,0,0
1544020980000,431355,432399,430000,432399,6.5013,431199,1,0,1,0
1544021040000,432090,432090,430956,431185,2.4508,431523,-1,0,0,0
1544021100000,431000,432667,430803,432667,1.9405,431735,1,0,1,0
1544021160000,432034,432610,431413,432610,2.4864,432011,0,1,1,0
1544021220000,432190,433409,431857,432409,3.8266,432633,0,0,0,0
1544021280000,432165,433409,432065,433409,1.2525,432737,1,1,1,0
1544021340000,433201,433800,432611,432621,1.3346,433205,-1,0,0,0
1544021400000,432616,432617,432255,432491,1.3699,432436,-1,-2,0,0
1544021460000,432303,432511,432206,432260,1.0099,432358,-1,-2,0,0
1544021520000,432270,432423,431637,431775,1.4119,432030,-1,-2,0,0
1544021580000,431775,431775,431775,431775,0.0,431775,0,-1,0,0
1544021640000,432216,432852,432216,432625,1.2389,432534,0,0,0,0
1544021700000,432625,433037,432625,433010,1.2951,432831,0,0,1,0
1544021760000,432800,432815,432800,432805,0.06,432807,0,0,0,0
1544021820000,432992,433882,432992,433204,0.7242,433437,0,0,0,0
1544021880000,433208,433208,432573,432573,2.0316,432890,-1,-1,0,0
1544021940000,432577,432577,432573,432573,0.446,432575,-1,-2,0,0
1544022000000,432573,433369,432506,433300,2.5352,432937,0,-1,1,0
1544022060000,433366,433800,433331,433800,1.6202,433565,0,0,1,0
1544022120000,433800,434279,433426,433886,1.8613,433852,0,0,0,0
1544022180000,433971,434000,432409,434000,4.5448,433204,0,0,1,0
1544022240000,433999,434194,433319,433367,3.0629,433756,-1,-1,0,0
1544022300000,433824,434957,433761,434014,4.8499,434359,0,-1,0,0
1544022360000,434326,434371,434069,434069,2.3877,434220,-1,-1,0,0
1544022420000,434058,434318,433527,433616,3.226,433922,-1,-2,0,0
1544022480000,433621,434199,433500,433519,0.9527,433849,-1,-2,0,0
1544022540000,433520,433714,432792,433599,3.2213,433253,0,-1,0,0
1544022600000,433655,434371,433062,433480,3.8347,433716,-1,-1,0,0
1544022660000,433433,434298,433387,433973,2.0743,433842,0,-1,0,0
1544022720000,433669,433922,433343,433344,5.8236,433632,-1,-1,0,0
1544022780000,433369,433379,433343,433363,0.2406,433361,-1,-2,0,0
1544022840000,433305,433305,432989,433178,4.0796,433147,-1,-2,0,0
1544022900000,433108,433989,432792,433347,3.6576,433390,0,-1,0,0
1544022960000,433350,434000,433186,433448,0.4545,433593,0,0,0,0
1544023020000,433400,433995,433200,433558,0.8204,433597,0,0,0,0
1544023080000,433284,433999,433176,433993,1.8771,433587,0,0,1,0
1544023140000,433437,433999,433307,433814,0.695,433653,0,0,0,0
1544023200000,433899,434007,433369,433581,2.0829,433688,-1,-1,0,0
1544023260000,433398,433606,433391,433401,0.2582,433498,0,-1,0,0
1544023320000,433776,434034,433391,433455,0.4081,433712,-1,-1,0,0
1544023380000,433438,434020,433388,433658,2.6993,433704,0,-1,0,0
1544023440000,433649,434008,433644,433644,0.0891,433826,-1,-1,0,0
1544023500000,433648,433648,433216,433216,4.4614,433432,-1,-2,0,0
1544023560000,433216,433794,432792,433173,5.3464,433293,-1,-2,0,0
1544023620000,433215,433794,432793,433089,5.8985,433293,-1,-2,0,0
1544023680000,433089,433435,432188,433241,10.0402,432811,0,-1,0,0
1544023740000,433110,433218,432332,432371,3.6104,432775,-1,-1,0,0
1544023800000,432838,433079,432332,432837,5.2211,432705,-1,-2,0,0
1544023860000,432837,432974,432332,432534,3.0534,432653,-1,-2,0,0
1544023920000,432600,432600,432000,432215,6.3554,432300,-1,-2,0,0
1544023980000,432068,432494,431808,431808,3.8474,432151,-1,-2,0,0
1544024040000,431906,433000,431808,432246,3.8312,432404,0,-1,0,0
1544024100000,432625,433429,432201,433218,4.8989,432815,0,0,0,0
1544024160000,432940,433622,432908,433622,3.2692,433265,0,0,1,0
1544024220000,433632,434654,432945,433124,5.1298,433799,-1,-1,0,0
1544024280000,433134,433711,432647,432800,2.5872,433179,-1,-2,0,0
1544024340000,432800,433712,432513,432604,4.7647,433112,-1,-2,0,0
1544024400000,432925,433503,432514,432874,3.0557,433008,-1,-2,0,0
1544024460000,433296,433590,432874,433001,3.9899,433232,-1,-2,0,0
1544024520000,433555,433854,433200,433690,1.7287,433527,0,-1,0,0
1544024580000,433318,433855,433253,433855,0.607,433554,0,0,1,0
1544024640000,433714,434386,433496,434102,0.5428,433941,0,0,0,0
1544024700000,434102,434386,433156,433156,4.4701,433771,-1,-1,0,0
1544024760000,433026,433962,432869,433352,5.8276,433415,0,-1,0,0
1544024820000,433341,433604,433140,433561,3.107,433372,0,0,0,0
1544024880000,433506,433718,433233,433233,0.2329,433475,-1,-1,0,0
1544024940000,433233,433315,432914,432977,3.0175,433114,-1,-2,0,0
1544025000000,433166,433480,432700,432887,0.5663,433090,-1,-2,0,0
1544025060000,432954,433202,432576,433202,2.4885,432889,0,-1,1,0
1544025120000,432856,433258,432548,432848,1.2049,432903,-1,-1,0,0
1544025180000,432833,433272,432513,432676,5.3183,432892,-1,-2,0,0
1544025240000,432804,433400,432654,433111,1.283,433027,0,-1,0,0
1544025300000,432909,433481,432775,432953,0.6286,433128,0,0,0,0
1544025360000,432753,433006,432700,432872,0.8066,432853,0,0,0,0
1544025420000,432786,433362,432700,433362,1.3855,433031,0,0,1,0
1544025480000,433360,433363,432702,433363,2.7046,433032,0,0,1,0
1544025540000,433436,433782,433002,433002,2.996,433392,-1,-1,0,0
1544025600000,433002,433136,432836,433136,2.1743,432986,0,-1,1,0
1544025660000,433136,433583,433021,433113,2.9453,433302,-1,-1,0,0
1544025720000,433057,433057,431205,431860,5.838,432131,-1,-2,0,0
1544025780000,431870,431964,431193,431964,5.4351,431578,0,-1,1,0
1544025840000,431988,432175,431262,431643,3.5916,431718,-1,-1,0,0
1544025900000,431490,433059,431406,432686,9.3179,432232,1,0,0,0
1544025960000,432384,432384,431522,432271,1.0863,431953,-1,0,0,0
1544026020000,432032,432410,431769,431769,12.8582,432089,-1,-2,0,0
1544026080000,431769,431969,430948,431391,6.7342,431458,-1,-2,0,0
1544026140000,431389,432017,430900,431677,7.1347,431458,0,-1,0,0
1544026200000,431685,432000,431397,431550,1.6492,431698,-1,-1,0,0
1544026260000,431776,436162,431539,432001,10.3374,433850,0,-1,0,0
1544026320000,432099,437100,431603,431994,11.4071,434351,-1,-1,0,0
1544026380000,431998,432442,431754,431754,4.7867,432098,-1,-2,0,0
1544026440000,432039,432052,431443,431743,3.7343,431747,-1,-2,0,0
1544026500000,431818,432000,430146,430341,4.7297,431073,-1,-2,0,0
1544026560000,430039,430341,429501,430057,11.5503,429921,0,-1,0,0
1544026620000,430057,430058,428300,428318,3.6661,429179,-1,-1,0,0
1544026680000,428300,428300,426678,428010,15.7079,427489,-1,-2,0,0
1544026740000,428080,428532,427860,428148,11.3104,428196,0,-1,0,0
1544026800000,428159,430262,428024,429518,9.8646,429143,1,1,0,0
1544026860000,429069,429160,427686,427686,10.4322,428423,-1,0,0,0
1544026920000,428103,429053,427785,428855,6.9272,428419,0,-1,0,0
1544026980000,428856,429393,428456,428743,2.8756,428924,-1,-1,0,0
1544027040000,428626,428626,427816,427872,7.2456,428221,-1,-2,0,0
1544027100000,427784,427784,427135,427384,4.5402,427459,-1,-2,0,0
1544027160000,427250,428615,427135,428387,12.4952,427875,1,0,0,0
1544027220000,428463,428584,427639,427639,1.9963,428111,-1,0,0,0
1544027280000,427938,428203,427409,427835,1.5435,427806,-1,-2,0,0
1544027340000,427835,428411,427800,428057,2.783,428105,0,-1,0,0
1544027400000,428057,428110,427329,427805,3.3631,427719,-1,-1,0,0
1544027460000,427810,430247,427801,430000,4.8485,429024,1,0,0,0
1544027520000,429980,430537,429619,430142,5.914,430078,0,1,0,0
1544027580000,430143,431334,429827,430005,4.1638,430580,-1,-1,0,0
1544027640000,430143,430451,429818,429912,5.6477,430134,-1,-2,0,0
1544027700000,429912,430893,429000,430893,8.14,429946,0,-1,1,0
1544027760000,430894,431281,430418,430726,5.5096,430849,-1,-1,0,0
1544027820000,430604,431009,430226,430226,0.6695,430617,-1,-2,0,0
1544027880000,430032,430449,429860,430346,2.8905,430154,0,-1,0,0
1544027940000,430346,431145,430346,430773,2.2709,430745,0,0,0,0
1544028000000,430767,430820,430317,430418,3.9756,430568,-1,-1,0,0
1544028060000,430317,430713,430128,430273,1.4718,430420,-1,-2,0,0
1544028120000,430623,431577,430500,431553,2.8849,431038,0,-1,1,0
1544028180000,431416,431687,430912,430912,1.6337,431299,-1,-1,0,0
1544028240000,430912,431106,430054,430544,3.9662,430580,-1,-2,0,0
1544028300000,430526,430797,430208,430208,4.494,430502,-1,-2,0,0
1544028360000,430482,430482,429806,429902,3.6396,430144,-1,-2,0,0
1544028420000,429902,429902,429555,429560,5.1191,429728,-1,-2,0,0
1544028480000,429555,429784,429000,429529,5.9601,429392,-1,-2,0,0
1544028540000,429430,430127,428063,428157,2.7241,429095,-1,-2,0,0
1544028600000,428152,428474,427310,427720,6.3797,427892,-1,-2,0,0
1544028660000,427826,428975,427582,427719,2.0311,428278,-1,-2,0,0
1544028720000,427689,427720,426000,426500,10.9578,426860,-1,-2,0,0
1544028780000,426174,426500,425500,425500,14.15,426000,-1,-2,0,0
1544028840000,425527,425555,421934,421999,16.6923,423744,-1,-2,0,0
1544028900000,421999,424131,421367,423500,5.1367,422749,1,0,0,0
1544028960000,423580,423957,421310,421310,5.7637,422633,-1,0,0,0
1544029020000,421310,421479,420110,420110,10.1735,420794,-1,-2,0,0
1544029080000,420120,421050,420000,420000,19.5567,420525,-1,-2,0,0
1544029140000,420000,420500,420000,420100,23.2579,420250,0,-1,0,0
1544029200000,420001,420500,419000,419000,9.0358,419750,-1,-1,0,0
1544029260000,419003,420682,418060,420682,9.4512,419371,1,0,1,0
1544029320000,420682,421038,419333,420151,3.2294,420185,-1,0,0,0
1544029380000,420151,421100,419800,420176,6.6762,420450,0,-1,0,0
1544029440000,420186,421950,420000,420383,10.5264,420975,0,0,0,0
1544029500000,420453,421157,419850,419920,5.3507,420503,-1,-1,0,0
1544029560000,419850,419994,418000,419307,9.4596,418997,-1,-2,0,0
1544029620000,419307,419602,417500,418000,7.8218,418551,-1,-2,0,0
1544029680000,418000,419317,417502,417563,3.9633,418409,-1,-2,0,0
1544029740000,417563,419619,417500,419619,4.1096,418559,1,0,1,0
1544029800000,419179,419800,418652,419639,2.6303,419226,0,1,0,0
1544029860000,419639,419653,418500,418500,2.8683,419076,-1,-1,0,0
1544029920000,418500,418508,417800,417989,2.4896,418154,-1,-2,0,0
1544029980000,417800,419639,417100,419000,4.9124,418369,1,0,0,0
1544030040000,418999,419591,418343,419576,1.7805,418967,0,1,1,0
1544030100000,419312,420424,419312,419899,1.6971,419868,0,0,0,0
1544030160000,419984,424116,419984,423048,8.3191,422050,1,1,0,0
1544030220000,422524,424127,421896,422399,5.679,423011,-1,0,0,0
1544030280000,422171,422399,421000,421697,3.681,421699,-1,-2,0,0
1544030340000,421613,421990,421103,421773,1.8839,421546,0,-1,0,0
1544030400000,421990,422118,420330,421341,3.1302,421224,-1,-1,0,0
1544030460000,421328,421341,420631,421330,4.5914,420986,0,-1,0,0
1544030520000,421269,421340,420969,421335,1.4495,421154,0,0,1,0
1544030580000,421331,421341,420000,420937,4.6524,420670,-1,-1,0,0
1544030640000,420937,420937,419899,420162,2.6283,420418,-1,-2,0,0
1544030700000,420131,420635,420001,420580,1.793,420318,0,-1,0,0
1544030760000,420391,420578,419530,419832,3.169,420054,-1,-1,0,0
1544030820000,419585,421277,419535,420708,2.3431,420406,1,0,0,0
1544030880000,420306,420550,418591,418882,2.6759,419570,-1,0,0,0
1544030940000,418586,419898,418586,419511,2.6563,419242,0,-1,0,0
1544031000000,419516,419795,418845,419783,1.3035,419320,0,0,1,0
1544031060000,419622,419775,418929,419000,0.6261,419352,-1,-1,0,0
1544031120000,419200,420100,418262,418607,5.1313,419181,-1,-2,0,0
1544031180000,418852,420100,418480,418762,5.383,419290,-1,-2,0,0
1544031240000,418762,420177,418762,420105,0.6941,419469,1,0,1,0
1544031300000,420257,420795,419752,419752,2.0672,420273,-1,0,0,0
1544031360000,420049,420110,419327,419327,0.7458,419718,-1,-2,0,0
1544031420000,419168,420045,419157,419857,1.1549,419601,0,-1,0,0
1544031480000,419689,420045,419555,419555,3.0363,419800,-1,-1,0,0
1544031540000,419545,420800,419438,420500,3.3728,420119,0,-1,0,0
1544031600000,420603,420800,420322,420464,0.4724,420561,-1,-1,0,0
1544031660000,420352,420539,420323,420539,0.8992,420431,0,-1,1,0
1544031720000,420507,420977,419948,420154,4.0544,420462,-1,-1,0,0
1544031780000,420154,420900,420154,420900,1.8255,420527,0,-1,1,0
1544031840000,420662,421383,420535,420851,1.1856,420959,0,0,0,0
1544031900000,420852,422241,420852,421788,1.8397,421546,0,0,0,0
1544031960000,421797,421810,420932,420982,2.0307,421371,-1,-1,0,0
1544032020000,420976,421481,420533,421066,2.9417,421007,0,-1,0,0
1544032080000,421067,421491,420921,421419,3.9515,421206,0,0,0,0
1544032140000,421229,422848,420902,421220,1.2697,421875,-1,-1,0,0
1544032200000,421133,421886,420556,420734,1.5281,421221,-1,-2,0,0
1544032260000,420557,420914,420170,420479,6.0889,420542,-1,-2,0,0
1544032320000,420483,421600,420039,420316,0.5861,420819,-1,-2,0,0
1544032380000,420436,421089,420168,421089,0.8042,420628,0,-1,1,0
1544032440000,421088,421089,420419,420752,0.4782,420754,-1,-1,0,0
1544032500000,420827,421092,420356,420570,0.7572,420724,-1,-2,0,0
1544032560000,420431,420832,420356,420616,0.7325,420594,0,-1,0,0
1544032620000,420502,423100,420502,420735,5.7909,421801,0,0,0,0
1544032680000,420830,421229,420830,421065,0.0986,421029,0,0,0,0
1544032740000,421135,421936,421135,421579,0.4582,421535,0,0,0,0
1544032800000,421390,421931,421376,421442,2.3711,421653,0,0,0,0
1544032860000,421446,421800,420909,421129,1.517,421354,-1,-1,0,0
1544032920000,420929,421317,420874,421143,0.4881,421095,0,-1,0,0
1544032980000,420980,421317,420919,421199,1.0854,421118,0,0,0,0
1544033040000,421274,421317,420875,421009,1.7284,421096,-1,-1,0,0
1544033100000,421023,421467,421023,421437,0.6801,421245,0,-1,1,0
1544033160000,421420,421739,421416,421635,2.4289,421577,0,0,0,0
1544033220000,421565,422516,421473,422345,0.7375,421994,0,0,0,0
1544033280000,422473,422610,421736,422279,2.8371,422173,-1,-1,0,0
1544033340000,422270,422530,421953,422000,0.4485,422241,-1,-2,0,0
1544033400000,422153,423020,422153,422499,1.2125,422586,0,-1,0,0
1544033460000,422499,422903,422489,422490,0.7891,422696,-1,-1,0,0
1544033520000,422490,422518,422000,422000,2.2407,422259,-1,-2,0,0
1544033580000,422000,422082,421374,422000,1.3266,421728,0,-1,0,0
1544033640000,422000,422246,422000,422037,0.5324,422123,0,0,0,0
1544033700000,422038,422127,422000,422000,2.4479,422063,-1,-1,0,0
1544033760000,422010,422079,420499,420696,3.4611,421289,-1,-2,0,0
1544033820000,420484,421188,420484,421176,4.323,420836,0,-1,1,0
1544033880000,420908,421175,420201,420571,0.5441,420688,-1,-1,0,0
1544033940000,420570,420607,420100,420100,1.178,420353,-1,-2,0,0
1544034000000,420100,421847,419674,420388,3.0339,420760,0,-1,0,0
1544034060000,420421,420476,420116,420400,0.5132,420296,-1,-1,0,0
1544034120000,420400,420400,420000,420246,1.5311,420200,-1,-2,0,0
1544034180000,420142,420400,419840,420400,5.6781,420120,0,-1,1,0
1544034240000,420054,420671,419959,420547,2.27,420315,0,0,0,0
1544034300000,420495,420741,420493,420600,1.0821,420617,0,0,0,0
1544034360000,420666,420714,420493,420635,0.1416,420603,-1,-1,0,0
1544034420000,420766,420956,420173,420457,1.8521,420564,-1,-2,0,0
1544034480000,420343,421135,420000,420690,0.9205,420567,0,-1,0,0
1544034540000,420762,420812,420219,420444,0.2296,420515,-1,-1,0,0
1544034600000,420395,420508,420181,420181,0.276,420344,-1,-2,0,0
1544034660000,420170,420508,420170,420507,0.1884,420339,0,-1,1,0
1544034720000,420282,420354,420000,420000,0.5907,420177,-1,-1,0,0
1544034780000,420199,420613,420001,420081,0.788,420307,-1,-2,0,0
1544034840000,420090,420511,420006,420501,0.4563,420258,0,-1,1,0
1544034900000,420243,420500,420056,420317,0.1108,420278,0,0,0,0
1544034960000,420224,420446,420006,420066,0.9414,420226,-1,-1,0,0
1544035020000,420066,420461,420000,420000,0.2421,420230,-1,-2,0,0
1544035080000,419890,420170,419678,419825,0.1943,419924,-1,-2,0,0
1544035140000,419767,419858,419674,419679,2.8,419766,-1,-2,0,0
1544035200000,419691,419852,419674,419761,0.3486,419763,0,-1,0,0
1544035260000,419831,420723,419675,420723,0.4674,420199,0,0,1,0
1544035320000,420684,420812,420377,420800,1.7712,420594,0,0,0,0
1544035380000,420800,421852,420414,421130,1.431,421133,0,0,0,0
1544035440000,420683,421079,420620,420955,0.8116,420849,0,0,0,0
1544035500000,420952,422442,420847,421963,3.7505,421644,1,1,0,0
1544035560000,422012,422369,421859,421859,0.6813,422114,-1,0,0,0
1544035620000,421752,422531,421636,421918,1.065,422083,0,-1,0,0
1544035680000,421823,422143,421637,421859,0.1971,421890,0,0,0,0
1544035740000,421862,422056,421707,421892,0.8297,421881,0,0,0,0
1544035800000,422034,422076,421825,421995,1.9104,421950,-1,-1,0,0
1544035860000,421935,422388,421849,422035,0.3606,422118,0,-1,0,0
1544035920000,422377,424003,422214,423790,4.8672,423108,1,1,0,0
1544035980000,423614,424003,423376,423376,2.7704,423689,-1,0,0,0
1544036040000,423376,423532,423024,423024,4.6869,423278,-1,-2,0,0
1544036100000,423036,423594,422672,423240,2.8089,423133,0,-1,0,0
1544036160000,423537,424000,422641,422641,1.7027,423320,-1,-1,0,0
1544036220000,422634,422634,422277,422435,1.1733,422455,-1,-2,0,0
1544036280000,422509,423207,422415,422674,0.848,422811,0,-1,0,0
1544036340000,422671,423000,422648,422958,0.439,422824,0,0,0,0
1544036400000,422958,423342,422606,423040,4.0928,422974,0,0,0,0
1544036460000,422858,422860,422369,422748,0.0822,422614,-1,-1,0,0
1544036520000,422508,422735,422069,422507,4.2077,422402,-1,-2,0,0
1544036580000,422507,423562,422507,422766,1.0048,423034,0,-1,0,0
1544036640000,422507,422697,422069,422069,0.36,422383,-1,-1,0,0
1544036700000,422502,422519,422339,422519,0.0978,422429,0,-1,1,0
1544036760000,422504,422580,422085,422198,0.113,422332,-1,-1,0,0
1544036820000,422099,422204,421866,422057,0.2761,422035,-1,-2,0,0
1544036880000,422056,423137,421972,422394,0.3693,422554,0,-1,0,0
1544036940000,422394,422394,422248,422321,0.0159,422321,-1,-1,0,0
1544037000000,422279,422560,422001,422001,0.3964,422280,-1,-2,0,0
1544037060000,422001,422559,421497,422370,1.8584,422028,0,-1,0,0
1544037120000,422459,422489,421776,422208,0.3253,422132,-1,-1,0,0
1544037180000,422208,422509,422208,422391,1.0009,422358,0,-1,0,0
1544037240000,422486,422509,422298,422422,0.1908,422403,-1,-1,0,0
1544037300000,422509,422510,422382,422510,0.9843,422446,0,-1,1,0
1544037360000,422510,422540,422453,422498,0.3311,422496,-1,-1,0,0
1544037420000,422517,422517,422371,422455,0.1238,422444,-1,-2,0,0
1544037480000,422450,422540,422381,422540,0.1339,422460,0,-1,1,0
1544037540000,422540,422612,422000,422530,2.3605,422306,-1,-1,0,0
1544037600000,422433,422530,422224,422459,0.1242,422377,0,-1,0,0
1544037660000,422402,422402,422084,422084,0.3036,422243,-1,-1,0,0
1544037720000,422034,422034,421800,421805,1.3985,421917,-1,-2,0,0
1544037780000,421800,421800,421423,421423,2.0167,421611,-1,-2,0,0
1544037840000,421387,421387,420620,420630,0.4533,421003,-1,-2,0,0
1544037900000,420630,421143,420620,420790,1.1484,420881,0,-1,0,0
1544037960000,420859,421186,420074,420504,2.6642,420630,-1,-1,0,0
1544038020000,420456,421689,420456,421166,1.1394,421072,0,-1,0,0
1544038080000,421181,421995,421181,421665,0.8032,421588,0,0,0,0
1544038140000,421322,421451,421305,421305,0.4015,421378,-1,-1,0,0
1544038200000,421403,421448,421205,421251,0.4654,421326,-1,-2,0,0
1544038260000,421265,421277,421265,421276,0.0022,421271,0,-1,1,0
1544038320000,421257,421317,421187,421317,0.2977,421252,0,0,1,0
1544038380000,421325,421868,421137,421585,0.3286,421502,0,0,0,0
1544038440000,421500,421995,421500,421837,0.8058,421747,0,0,0,0
1544038500000,421995,422841,421844,422681,0.6257,422342,0,0,0,0
1544038560000,422637,422740,422431,422431,0.3874,422585,-1,-1,0,0
1544038620000,422620,422620,422463,422499,0.2212,422541,-1,-2,0,0
1544038680000,422463,422500,422189,422207,0.7223,422344,-1,-2,0,0
1544038740000,422300,422300,422095,422136,0.507,422197,-1,-2,0,0
1544038800000,422166,422841,422166,422384,1.8633,422503,0,-1,0,0
1544038860000,422384,422384,421946,421996,0.3862,422165,-1,-1,0,0
1544038920000,421977,422344,421797,422344,0.9838,422070,0,-1,1,0
1544038980000,422250,422300,422214,422295,0.9962,422257,0,0,0,0
1544039040000,422257,422257,422214,422252,0.0012,422235,-1,-1,0,0
1544039100000,422256,422300,421798,422300,0.2663,422049,0,-1,1,0
1544039160000,422175,422175,421753,421767,0.9111,421964,-1,-1,0,0
1544039220000,421766,422199,421246,421246,1.1084,421722,-1,-2,0,0
1544039280000,421329,421329,421050,421100,0.3341,421189,-1,-2,0,0
1544039340000,421049,421174,420896,421130,0.2478,421035,0,-1,0,0
1544039400000,421169,421365,421136,421365,0.3412,421250,0,0,1,0
1544039460000,421344,421371,420197,420236,2.58,420784,-1,-1,0,0
1544039520000,420113,420672,420000,420156,1.8786,420336,0,-1,0,0
1544039580000,420156,420328,419680,420112,0.5434,420004,-1,-1,0,0
1544039640000,420111,421050,420101,420529,0.3351,420575,0,-1,0,0
1544039700000,420346,420346,419675,419896,0.4508,420010,-1,-1,0,0
1544039760000,420125,420914,420011,420700,0.8247,420462,0,-1,0,0
1544039820000,420617,420617,419949,419949,0.8073,420283,-1,-1,0,0
1544039880000,419978,420452,419966,420452,0.6405,420209,0,-1,1,0
1544039940000,420353,420452,420166,420196,0.9092,420309,-1,-1,0,0
1544040000000,420181,422907,418000,420330,30.1045,420453,0,-1,0,0
1544040060000,420320,421668,419728,421325,2.5827,420698,1,1,0,0
1544040120000,421106,421479,420480,421479,3.1023,420979,0,1,1,0
1544040180000,421419,421758,421202,421758,4.3977,421480,0,0,1,0
1544040240000,421763,422082,421570,422000,1.5427,421826,0,0,0,0
1544040300000,421844,422913,421684,422301,2.36,422298,0,0,0,0
1544040360000,422180,422718,422060,422483,2.1239,422389,0,0,0,0
1544040420000,422488,423000,422421,422937,0.9314,422710,0,0,0,0
1544040480000,422931,422945,422360,422360,3.1421,422652,-1,-1,0,0
1544040540000,422350,422360,422085,422300,0.399,422222,-1,-2,0,0
1544040600000,422270,422270,421753,421889,0.8577,422011,-1,-2,0,0
1544040660000,421878,422279,421377,421698,2.1648,421828,-1,-2,0,0
1544040720000,421697,421974,421696,421971,2.5522,421835,0,-1,1,0
1544040780000,421970,422859,421922,422707,5.7249,422390,0,0,0,0
1544040840000,422542,423040,422315,422701,3.5492,422677,0,0,0,0
1544040900000,422762,422971,421880,421935,4.5232,422425,-1,-1,0,0
1544040960000,421885,421931,421440,421663,1.3685,421685,-1,-2,0,0
1544041020000,421457,422115,421300,421987,3.3461,421707,0,-1,0,0
1544041080000,421974,422115,421600,422115,1.5951,421857,0,0,1,0
1544041140000,422114,422772,422114,422683,2.3951,422443,0,0,0,0
1544041200000,422571,422571,421525,421525,7.0111,422048,-1,-1,0,0
1544041260000,421514,421530,420644,421293,2.4363,421087,-1,-2,0,0
1544041320000,421389,421404,421190,421301,0.2401,421297,-1,-2,0,0
1544041380000,421303,422035,421200,421810,2.0315,421617,0,-1,0,0
1544041440000,422026,422159,421855,421961,0.3976,422007,-1,-1,0,0
1544041500000,422063,422466,421157,422293,0.8201,421811,0,-1,0,0
1544041560000,422277,422394,421391,421698,0.8724,421892,-1,-1,0,0
1544041620000,421295,421441,419948,420907,16.3296,420694,-1,-2,0,0
1544041680000,420906,420907,420447,420906,0.4656,420677,0,-1,0,0
1544041740000,420906,420907,420045,420352,1.4653,420476,-1,-1,0,0
1544041800000,420640,421183,420400,420402,1.4001,420791,-1,-2,0,0
1544041860000,420785,421211,420507,421211,0.2042,420859,0,-1,1,0
1544041920000,421016,421211,420788,421210,0.8025,420999,0,0,1,0
1544041980000,421024,421210,421024,421032,0.0676,421117,0,0,0,0
1544042040000,421121,421211,421065,421065,0.2318,421138,-1,-1,0,0
1544042100000,421100,421487,421065,421487,2.7167,421276,0,-1,1,0
1544042160000,421487,422140,421288,422033,6.781,421714,0,0,0,0
1544042220000,421893,422123,421893,422091,0.1951,422008,0,0,0,0
1544042280000,422107,422123,421740,421921,0.1204,421931,-1,-1,0,0
1544042340000,421734,421799,421524,421770,0.0209,421661,0,-1,0,0
1544042400000,421781,422248,421561,422038,0.2513,421904,0,0,0,0
1544042460000,421827,422109,421568,421702,0.0393,421838,-1,-1,0,0
1544042520000,421804,422470,421617,422068,0.4835,422043,0,-1,0,0
1544042580000,421915,422600,421684,422222,0.3379,422142,0,0,0,0
1544042640000,422258,422590,421965,422494,3.3473,422277,0,0,0,0
1544042700000,422497,422499,421995,422270,0.1188,422247,-1,-1,0,0
1544042760000,422126,422494,422100,422300,1.0434,422297,0,-1,0,0
1544042820000,422422,422500,422300,422300,0.0803,422400,-1,-1,0,0
1544042880000,422310,422310,421753,422025,2.1822,422031,-1,-2,0,0
1544042940000,422192,422192,421212,421489,1.4411,421702,-1,-2,0,0
1544043000000,421543,421754,420627,421316,0.5646,421190,-1,-2,0,0
1544043060000,421316,421575,420952,421575,0.6775,421263,0,-1,1,0
1544043120000,421526,421679,421404,421661,0.1327,421541,0,0,0,0
1544043180000,421624,421731,421617,421731,0.0756,421674,0,0,1,0
1544043240000,421719,422078,421669,421989,0.1508,421873,0,0,0,0
1544043300000,421989,422928,421989,422928,1.43,422458,0,0,1,0
1544043360000,422803,423230,422800,423000,1.9171,423015,0,0,0,0
1544043420000,423132,424787,423132,424609,4.7383,423959,1,1,0,0
1544043480000,424588,424776,424486,424561,1.939,424631,-1,0,0,0
1544043540000,424562,424999,424126,424900,2.1778,424562,0,-1,0,0
1544043600000,424805,425100,424417,424417,3.6604,424758,-1,-1,0,0
1544043660000,424640,425100,424239,424305,2.5641,424669,-1,-2,0,0
1544043720000,424305,425049,423873,424572,1.489,424461,0,-1,0,0
1544043780000,424573,424682,423740,424039,0.6372,424211,-1,-1,0,0
1544043840000,424001,424436,423754,424274,0.3411,424095,0,-1,0,0
1544043900000,424352,424659,423885,423885,0.9373,424272,-1,-1,0,0
1544043960000,423885,423885,423103,423103,2.3372,423494,-1,-2,0,0
1544044020000,423051,423113,422450,422840,0.4979,422781,-1,-2,0,0
1544044080000,422830,422830,422600,422700,0.3408,422715,-1,-2,0,0
1544044140000,422676,423351,422605,423093,0.1846,422978,0,-1,0,0
1544044200000,423115,424275,422508,423249,1.8517,423391,0,0,0,0
1544044260000,423333,424092,423323,423740,1.34,423707,0,0,0,0
1544044320000,424067,424082,423635,423700,1.1574,423858,-1,-1,0,0
1544044380000,423703,423703,423147,423310,0.6757,423425,-1,-2,0,0
1544044440000,423465,423465,423138,423138,1.052,423301,-1,-2,0,0
1544044500000,423209,423290,423004,423032,0.6165,423147,-1,-2,0,0
1544044560000,423036,423598,422769,423598,0.4057,423183,0,-1,1,0
1544044620000,423428,424070,423428,423854,0.7955,423749,0,0,0,0
1544044680000,423834,423875,423825,423875,1.4393,423850,0,0,1,0
1544044740000,423875,424092,423522,423944,0.4834,423807,0,0,0,0
1544044800000,423775,423945,423775,423882,0.4601,423860,0,0,0,0
1544044860000,423854,423945,423823,423930,0.6782,423884,0,0,0,0
1544044920000,423945,424533,423656,423850,1.5162,424094,-1,-1,0,0
1544044980000,423886,423930,423500,423702,1.2617,423715,-1,-2,0,0
1544045040000,423697,423702,423605,423605,0.8007,423653,-1,-2,0,0
1544045100000,423575,423575,423433,423433,0.0324,423504,-1,-2,0,0
1544045160000,423433,423433,423242,423326,1.2028,423337,-1,-2,0,0
1544045220000,423326,423991,423233,423979,0.1206,423612,0,-1,1,0
1544045280000,423784,424003,423361,424003,0.172,423682,0,0,1,0
1544045340000,423954,425500,423505,425200,4.0331,424502,1,1,0,0
1544045400000,425200,425994,424881,425316,2.1488,425437,0,1,0,0
1544045460000,425340,425462,424350,424620,7.5888,424906,-1,-1,0,0
1544045520000,424608,425091,424399,424912,0.511,424745,0,-1,0,0
1544045580000,425005,425201,424943,425201,3.7414,425072,0,0,1,0
1544045640000,425201,425201,424951,425000,0.7868,425076,-1,-1,0,0
1544045700000,425000,425370,425000,425344,1.6591,425185,0,-1,1,0
1544045760000,425344,426000,425055,425650,2.547,425527,0,0,0,0
1544045820000,425608,425608,425061,425061,0.5639,425334,-1,-1,0,0
1544045880000,425072,425434,425001,425260,1.1156,425217,0,-1,0,0
1544045940000,425386,425500,425000,425291,1.7762,425250,-1,-1,0,0
1544046000000,425292,425334,425005,425223,1.4326,425169,-1,-2,0,0
1544046060000,425309,425387,424386,424386,4.4005,424886,-1,-2,0,0
1544046120000,424569,424606,424303,424387,0.2847,424454,-1,-2,0,0
1544046180000,424361,425249,424282,424431,0.2146,424765,0,-1,0,0
1544046240000,424315,424535,424000,424027,0.3916,424267,-1,-1,0,0
1544046300000,424080,424748,424080,424500,0.6056,424414,0,-1,0,0
1544046360000,424852,425000,424131,424826,1.8357,424565,-1,-1,0,0
1544046420000,424754,425217,424095,424582,1.0568,424656,-1,-2,0,0
1544046480000,424525,424881,424326,424800,0.5354,424603,0,-1,0,0
1544046540000,424746,424959,423817,423817,0.4111,424388,-1,-1,0,0
1544046600000,423963,424040,423031,423679,2.0037,423535,-1,-2,0,0
1544046660000,423679,423720,422951,423169,2.989,423335,-1,-2,0,0
1544046720000,423010,423092,422157,422535,2.2651,422624,-1,-2,0,0
1544046780000,422535,423122,422194,422194,5.4863,422658,-1,-2,0,0
1544046840000,422334,422856,421955,422423,0.8688,422405,0,-1,0,0
1544046900000,422505,423200,422505,423200,1.1399,422852,0,0,1,0
1544046960000,423201,423211,423000,423155,2.0244,423105,-1,-1,0,0
1544047020000,423155,423155,422848,422980,0.1351,423001,-1,-2,0,0
1544047080000,422949,423180,422908,423180,1.1877,423044,0,-1,1,0
1544047140000,423178,423211,423140,423185,0.8681,423175,0,0,0,0
1544047200000,423201,423201,422555,422555,0.7109,422878,-1,-1,0,0
1544047260000,422500,422550,421732,421732,1.0316,422141,-1,-2,0,0
1544047320000,421711,422177,421420,421420,2.6018,421798,-1,-2,0,0
1544047380000,421420,422000,421100,421349,4.6167,421550,-1,-2,0,0
1544047440000,421219,421283,420940,421043,1.6912,421111,-1,-2,0,0
1544047500000,421003,422170,420922,422064,2.542,421546,1,0,1,0
1544047560000,421920,422170,421359,421905,0.4799,421764,-1,0,0,0
1544047620000,421729,422170,421520,421836,1.5887,421845,0,-1,0,0
1544047680000,421731,421737,421248,421384,0.3068,421492,-1,-1,0,0
1544047740000,421387,421971,421387,421832,0.1086,421679,0,-1,0,0
1544047800000,421982,421982,421673,421763,0.1773,421827,-1,-1,0,0
1544047860000,421808,421808,421420,421507,0.9373,421614,-1,-2,0,0
1544047920000,421713,422001,421454,422001,0.7211,421727,0,-1,1,0
1544047980000,422002,422109,421821,421960,0.3632,421965,-1,-1,0,0
1544048040000,421826,422170,421823,422134,0.2073,421996,0,-1,0,0
1544048100000,422104,422690,421957,422685,1.4099,422323,0,0,1,0
1544048160000,422690,422690,421687,421687,0.95,422188,-1,-1,0,0
1544048220000,421800,422454,421432,421437,0.4131,421943,-1,-2,0,0
1544048280000,421437,422028,421436,421492,0.6024,421732,0,-1,0,0
1544048340000,421464,421464,421423,421457,0.2614,421443,-1,-1,0,0
1544048400000,421440,421896,421440,421896,4.6579,421668,0,-1,1,0
1544048460000,421895,422045,421500,421832,0.866,421772,-1,-1,0,0
1544048520000,421888,422244,421678,421710,4.9757,421961,-1,-2,0,0
1544048580000,422025,422458,421729,421905,1.1394,422093,-1,-2,0,0
1544048640000,422065,422694,422055,422122,7.269,422374,0,-1,0,0
1544048700000,422176,422700,421941,422387,0.7292,422320,0,0,0,0
1544048760000,422283,422638,422101,422194,2.1311,422369,-1,-1,0,0
1544048820000,422193,422193,421872,422038,1.8593,422032,-1,-2,0,0
1544048880000,422028,422489,421791,422142,0.7129,422140,0,-1,0,0
1544048940000,422013,422700,422013,422599,1.1113,422356,0,0,0,0
1544049000000,422490,422550,421730,421880,0.7791,422140,-1,-1,0,0
1544049060000,421924,421924,421700,421844,0.1682,421812,-1,-2,0,0
1544049120000,421827,421827,421750,421760,0.4296,421788,-1,-2,0,0
1544049180000,421856,422053,421856,421938,0.0053,421954,0,-1,0,0
1544049240000,421916,421916,421678,421731,3.2089,421797,-1,-1,0,0
1544049300000,421785,421795,421700,421700,0.1483,421747,-1,-2,0,0
1544049360000,421700,421795,421700,421795,0.3705,421747,0,-1,1,0
1544049420000,421742,421795,421500,421500,1.0781,421647,-1,-1,0,0
1544049480000,421597,421684,421000,421252,2.0664,421342,-1,-2,0,0
1544049540000,421209,421485,421200,421435,0.7554,421342,0,-1,0,0
1544049600000,421419,421419,421228,421228,0.0451,421323,-1,-1,0,0
1544049660000,421409,421670,421366,421571,0.1215,421518,0,-1,0,0
1544049720000,421670,422175,421324,421947,1.0752,421749,0,0,0,0
1544049780000,421947,422035,421529,421893,0.8078,421782,-1,-1,0,0
1544049840000,421926,422204,421857,422072,0.2082,422030,0,-1,0,0
1544049900000,422075,422700,422075,422699,0.2231,422387,0,0,1,0
1544049960000,422342,422696,422224,422523,0.2001,422460,0,0,0,0
1544050020000,422531,422531,422499,422527,0.1082,422515,-1,-1,0,0
1544050080000,422506,422538,422205,422273,0.4183,422371,-1,-2,0,0
1544050140000,422273,422500,421592,421598,9.2819,422046,-1,-2,0,0
1544050200000,421809,422014,421652,422004,0.9469,421833,0,-1,1,0
1544050260000,421719,422148,421688,421893,1.9123,421918,0,0,0,0
1544050320000,421805,421999,421502,421822,1.0839,421750,0,0,0,0
1544050380000,421816,421972,421581,421581,0.064,421776,-1,-1,0,0
1544050440000,421487,421820,421487,421500,0.1424,421653,0,-1,0,0
1544050500000,421500,421500,421300,421322,0.1302,421400,-1,-1,0,0
1544050560000,421401,421612,421300,421611,2.7671,421456,0,-1,1,0
1544050620000,421611,421734,421330,421585,0.6585,421532,-1,-1,0,0
1544050680000,421340,421340,420797,421008,2.7015,421068,-1,-2,0,0
1544050740000,421008,421296,420733,421171,0.6165,421014,0,-1,0,0
1544050800000,421006,421330,420855,421330,0.586,421092,0,0,1,0
1544050860000,421420,422024,421323,421810,1.7139,421673,0,0,0,0
1544050920000,421849,422530,421741,422164,0.3188,422135,0,0,0,0
1544050980000,422148,422152,421797,422107,0.2735,421974,-1,-1,0,0
1544051040000,422023,422107,422023,422071,0.1038,422065,0,-1,0,0
1544051100000,422023,422197,421710,422197,0.1992,421953,0,0,1,0
1544051160000,422134,422658,422067,422560,0.4666,422362,0,0,0,0
1544051220000,422560,422560,422135,422239,1.293,422347,-1,-1,0,0
1544051280000,422188,422354,421924,422115,0.3126,422139,-1,-2,0,0
1544051340000,422043,422313,421808,422176,0.0754,422060,0,-1,0,0
1544051400000,422260,422491,422132,422132,1.3331,422311,-1,-1,0,0
1544051460000,422167,422167,422133,422133,0.1465,422150,-1,-2,0,0
1544051520000,422202,422318,422133,422199,0.2226,422225,-1,-2,0,0
1544051580000,422133,422199,421973,422060,1.5265,422086,-1,-2,0,0
1544051640000,422055,422055,421493,421579,0.3967,421774,-1,-2,0,0
1544051700000,421493,421728,421493,421728,0.5736,421610,0,-1,1,0
1544051760000,421648,421648,421320,421447,0.3796,421484,-1,-1,0,0
1544051820000,421414,422323,420950,421248,4.5734,421636,-1,-2,0,0
1544051880000,421382,421829,421352,421808,0.0945,421590,0,-1,1,0
1544051940000,421437,421880,421437,421773,0.0101,421658,0,0,0,0
1544052000000,421820,421829,421424,421445,0.4543,421626,-1,-1,0,0
1544052060000,421600,421905,421490,421785,0.8039,421697,0,-1,0,0
1544052120000,421785,422250,421752,422188,2.2983,422001,0,0,0,0
1544052180000,422020,422700,421944,422214,8.6904,422322,0,0,0,0
1544052240000,422102,422700,422079,422542,0.1295,422389,0,0,0,0
1544052300000,422554,423895,422554,423733,3.5576,423224,1,1,0,0
1544052360000,423661,423672,423096,423672,1.8683,423384,0,1,1,0
1544052420000,423640,424722,423640,423891,1.8475,424181,0,0,0,0
1544052480000,424159,424999,423690,424999,1.0735,424344,0,0,1,0
1544052540000,424233,425000,424000,424000,0.8201,424500,-1,-1,0,0
1544052600000,423862,423862,423637,423637,0.1307,423749,-1,-2,0,0
1544052660000,423474,423635,422889,423267,1.2875,423262,-1,-2,0,0
1544052720000,423390,424068,423267,423924,0.4154,423667,0,-1,0,0
1544052780000,423790,423922,423502,423535,0.1863,423712,-1,-1,0,0
1544052840000,423512,423764,423399,423399,0.5282,423581,-1,-2,0,0
1544052900000,423404,423557,422963,422963,0.3591,423260,-1,-2,0,0
1544052960000,422719,423234,422719,422842,0.3945,422976,0,-1,0,0
1544053020000,422629,422879,422213,422213,0.9872,422546,-1,-1,0,0
1544053080000,422298,422687,421807,422229,1.2505,422247,-1,-2,0,0
1544053140000,422224,422660,421833,421833,1.7094,422246,-1,-2,0,0
1544053200000,421834,421910,421493,421619,3.3708,421701,-1,-2,0,0
1544053260000,421595,422270,421277,422214,1.5764,421773,0,-1,1,0
1544053320000,421936,422270,421613,421855,0.2325,421941,-1,-1,0,0
1544053380000,421999,422034,420809,420809,1.5856,421421,-1,-2,0,0
1544053440000,420913,420913,419636,419646,2.7978,420274,-1,-2,0,0
1544053500000,419838,419965,419270,419799,1.3694,419617,-1,-2,0,0
1544053560000,419962,420315,419015,419324,2.715,419665,-1,-2,0,0
1544053620000,419224,419487,418140,418835,2.8542,418813,-1,-2,0,0
1544053680000,418289,418915,418100,418857,0.9328,418507,0,-1,0,0
1544053740000,418915,419586,418859,419586,1.0434,419222,0,0,1,0
1544053800000,419468,420270,419468,420087,0.9629,419869,0,0,0,0
1544053860000,419921,420579,419774,419953,0.7607,420176,0,0,0,0
1544053920000,419840,419840,419212,419212,5.8481,419526,-1,-1,0,0
1544053980000,419100,419771,418947,419354,1.302,419359,0,-1,0,0
1544054040000,419394,419611,419394,419601,1.7563,419502,0,0,1,0
1544054100000,419610,420003,419481,419821,1.4288,419742,0,0,0,0
1544054160000,419862,419983,419255,419255,1.202,419619,-1,-1,0,0
1544054220000,419255,419255,418200,419073,4.736,418727,-1,-2,0,0
1544054280000,419238,419310,418111,418661,3.7391,418710,-1,-2,0,0
1544054340000,418775,419300,418001,419162,1.5232,418650,0,-1,0,0
